10 45 26 26
20 190 114 114
30 435 182 182
40 780 449 449
50 1225 580 580
60 1770 758 758
70 2415 1322 1322
80 3160 1496 1496
90 4005 2078 2078
100 4950 2574 2574
110 5995 2792 2792
120 7140 3344 3344
130 8385 4476 4476
140 9730 4999 4999
150 11175 5879 5879
160 12720 6603 6603
170 14365 7043 7043
180 16110 8371 8371
190 17955 9143 9143
200 19900 9364 9364
210 21945 11055 11055
220 24090 12509 12509
230 26335 13852 13852
240 28680 13978 13978
250 31125 15522 15522
260 33670 17467 17467
270 36315 16014 16014
280 39060 18878 18878
290 41905 22285 22285
300 44850 23298 23298
310 47895 24639 24639
320 51040 24373 24373
330 54285 28526 28526
340 57630 29089 29089
350 61075 31115 31115
360 64620 33138 33138
370 68265 33994 33994
380 72010 34703 34703
390 75855 37303 37303
400 79800 40826 40826
410 83845 41400 41400
420 87990 43998 43998
430 92235 47018 47018
440 96580 47693 47693
450 101025 49536 49536
460 105570 52799 52799
470 110215 53513 53513
480 114960 56556 56556
490 119805 60030 60030
500 124750 63357 63357
510 129795 65279 65279
520 134940 65349 65349
530 140185 71661 71661
540 145530 68534 68534
550 150975 76232 76232
560 156520 80602 80602
570 162165 79373 79373
580 167910 85429 85429
590 173755 87744 87744
600 179700 94476 94476
610 185745 94439 94439
620 191890 98434 98434
630 198135 96331 96331
640 204480 105084 105084
650 210925 104643 104643
660 217470 108560 108560
670 224115 108301 108301
680 230860 114172 114172
690 237705 117570 117570
700 244650 115780 115780
710 251695 123858 123858
720 258840 133789 133789
730 266085 127401 127401
740 273430 138233 138233
750 280875 138031 138031
760 288420 148335 148335
770 296065 151075 151075
780 303810 143952 143952
790 311655 155783 155783
800 319600 167649 167649
810 327645 161473 161473
820 335790 169145 169145
830 344035 175609 175609
840 352380 175492 175492
850 360825 177432 177432
860 369370 182363 182363
870 378015 193540 193540
880 386760 194068 194068
890 395605 207004 207004
900 404550 202922 202922
910 413595 211172 211172
920 422740 208836 208836
930 431985 215436 215436
940 441330 226200 226200
950 450775 230893 230893
960 460320 229137 229137
970 469965 226324 226324
980 479710 239282 239282
990 489555 247184 247184
1000 499500 247279 247279
1010 509545 249446 249446
1020 519690 258899 258899
1030 529935 257687 257687
1040 540280 262472 262472
1050 550725 283149 283149
1060 561270 288668 288668
1070 571915 284339 284339
1080 582660 301079 301079
1090 593505 300884 300884
1100 604450 294165 294165
1110 615495 316351 316351
1120 626640 306155 306155
1130 637885 307013 307013
1140 649230 313993 313993
1150 660675 323152 323152
1160 672220 335382 335382
1170 683865 351215 351215
1180 695610 345474 345474
1190 707455 348240 348240
1200 719400 363763 363763
1210 731445 365525 365525
1220 743590 373168 373168
1230 755835 367626 367626
1240 768180 395996 395996
1250 780625 384754 384754
1260 793170 385584 385584
1270 805815 410910 410910
1280 818560 402771 402771
1290 831405 403818 403818
1300 844350 418014 418014
1310 857395 423615 423615
1320 870540 429301 429301
1330 883785 454925 454925
1340 897130 443920 443920
1350 910575 465979 465979
1360 924120 457214 457214
1370 937765 475089 475089
1380 951510 479492 479492
1390 965355 490156 490156
1400 979300 469931 469931
1410 993345 487995 487995
1420 1007490 503254 503254
1430 1021735 503983 503983
1440 1036080 527911 527911
1450 1050525 530162 530162
1460 1065070 527691 527691
1470 1079715 537725 537725
1480 1094460 556622 556622
1490 1109305 560216 560216
1500 1124250 557924 557924
1510 1139295 581164 581164
1520 1154440 583268 583268
1530 1169685 576009 576009
1540 1185030 611786 611786
1550 1200475 589523 589523
1560 1216020 599365 599365
1570 1231665 613611 613611
1580 1247410 645287 645287
1590 1263255 627453 627453
1600 1279200 644513 644513
1610 1295245 637567 637567
1620 1311390 652843 652843
1630 1327635 653789 653789
1640 1343980 679080 679080
1650 1360425 692899 692899
1660 1376970 681222 681222
1670 1393615 713318 713318
1680 1410360 710292 710292
1690 1427205 709003 709003
1700 1444150 725834 725834
1710 1461195 729974 729974
1720 1478340 726676 726676
1730 1495585 747081 747081
1740 1512930 757095 757095
1750 1530375 759754 759754
1760 1547920 769627 769627
1770 1565565 799244 799244
1780 1583310 777068 777068
1790 1601155 819641 819641
1800 1619100 814349 814349
1810 1637145 799710 799710
1820 1655290 821140 821140
1830 1673535 838842 838842
1840 1691880 833775 833775
1850 1710325 854582 854582
1860 1728870 883782 883782
1870 1747515 856872 856872
1880 1766260 883004 883004
1890 1785105 879016 879016
1900 1804050 878188 878188
1910 1823095 917000 917000
1920 1842240 901335 901335
1930 1861485 951837 951837
1940 1880830 923414 923414
1950 1900275 950247 950247
1960 1919820 961345 961345
1970 1939465 971254 971254
1980 1959210 967089 967089
1990 1979055 965477 965477
2000 1999000 990817 990817
2010 2019045 998852 998852
2020 2039190 1010123 1010123
2030 2059435 1007520 1007520
2040 2079780 1075752 1075752
2050 2100225 1038164 1038164
2060 2120770 1072075 1072075
2070 2141415 1052703 1052703
2080 2162160 1073087 1073087
2090 2183005 1111737 1111737
2100 2203950 1101565 1101565
2110 2224995 1109705 1109705
2120 2246140 1110993 1110993
2130 2267385 1116458 1116458
2140 2288730 1134208 1134208
2150 2310175 1162561 1162561
2160 2331720 1158524 1158524
2170 2353365 1184028 1184028
2180 2375110 1171242 1171242
2190 2396955 1207284 1207284
2200 2418900 1214984 1214984
2210 2440945 1214525 1214525
2220 2463090 1235274 1235274
2230 2485335 1234663 1234663
2240 2507680 1239670 1239670
2250 2530125 1232515 1232515
2260 2552670 1300290 1300290
2270 2575315 1301512 1301512
2280 2598060 1333368 1333368
2290 2620905 1305033 1305033
2300 2643850 1335854 1335854
2310 2666895 1362867 1362867
2320 2690040 1322551 1322551
2330 2713285 1360707 1360707
2340 2736630 1347575 1347575
2350 2760075 1396675 1396675
2360 2783620 1375671 1375671
2370 2807265 1402580 1402580
2380 2831010 1419931 1419931
2390 2854855 1405722 1405722
2400 2878800 1453115 1453115
2410 2902845 1470739 1470739
2420 2926990 1446572 1446572
2430 2951235 1468438 1468438
2440 2975580 1487520 1487520
2450 3000025 1543543 1543543
2460 3024570 1520087 1520087
2470 3049215 1516197 1516197
2480 3073960 1531120 1531120
2490 3098805 1576498 1576498
2500 3123750 1570824 1570824
2510 3148795 1570726 1570726
2520 3173940 1617719 1617719
2530 3199185 1611621 1611621
2540 3224530 1565228 1565228
2550 3249975 1640766 1640766
2560 3275520 1645541 1645541
2570 3301165 1638032 1638032
2580 3326910 1642757 1642757
2590 3352755 1665507 1665507
2600 3378700 1685719 1685719
2610 3404745 1729634 1729634
2620 3430890 1720133 1720133
2630 3457135 1739304 1739304
2640 3483480 1750029 1750029
2650 3509925 1724660 1724660
2660 3536470 1755112 1755112
2670 3563115 1790200 1790200
2680 3589860 1797483 1797483
2690 3616705 1837233 1837233
2700 3643650 1792202 1792202
2710 3670695 1845876 1845876
2720 3697840 1850801 1850801
2730 3725085 1885625 1885625
2740 3752430 1913031 1913031
2750 3779875 1867961 1867961
2760 3807420 1934214 1934214
2770 3835065 1912995 1912995
2780 3862810 1925799 1925799
2790 3890655 1969307 1969307
2800 3918600 1971239 1971239
2810 3946645 1969830 1969830
2820 3974790 2014782 2014782
2830 4003035 2014134 2014134
2840 4031380 2029476 2029476
2850 4059825 2019338 2019338
2860 4088370 2034791 2034791
2870 4117015 2062633 2062633
2880 4145760 2070938 2070938
2890 4174605 2056412 2056412
2900 4203550 2122533 2122533
2910 4232595 2124816 2124816
2920 4261740 2150586 2150586
2930 4290985 2164105 2164105
2940 4320330 2186193 2186193
2950 4349775 2151528 2151528
2960 4379320 2227239 2227239
2970 4408965 2134137 2134137
2980 4438710 2198961 2198961
2990 4468555 2198707 2198707
3000 4498500 2239760 2239760
3010 4528545 2260716 2260716
3020 4558690 2275949 2275949
3030 4588935 2316861 2316861
3040 4619280 2286112 2286112
3050 4649725 2276893 2276893
3060 4680270 2325849 2325849
3070 4710915 2373679 2373679
3080 4741660 2387950 2387950
3090 4772505 2405240 2405240
3100 4803450 2411997 2411997
3110 4834495 2411877 2411877
3120 4865640 2442969 2442969
3130 4896885 2436575 2436575
3140 4928230 2429450 2429450
3150 4959675 2544071 2544071
3160 4991220 2451633 2451633
3170 5022865 2492335 2492335
3180 5054610 2533620 2533620
3190 5086455 2509836 2509836
3200 5118400 2571679 2571679
3210 5150445 2624185 2624185
3220 5182590 2612560 2612560
3230 5214835 2641645 2641645
3240 5247180 2600101 2600101
3250 5279625 2679742 2679742
3260 5312170 2650919 2650919
3270 5344815 2700085 2700085
3280 5377560 2638417 2638417
3290 5410405 2763339 2763339
3300 5443350 2706847 2706847
3310 5476395 2709167 2709167
3320 5509540 2779894 2779894
3330 5542785 2757813 2757813
3340 5576130 2806985 2806985
3350 5609575 2826156 2826156
3360 5643120 2805523 2805523
3370 5676765 2824897 2824897
3380 5710510 2865425 2865425
3390 5744355 2921628 2921628
3400 5778300 2885162 2885162
3410 5812345 2875240 2875240
3420 5846490 2904920 2904920
3430 5880735 2959721 2959721
3440 5915080 2928589 2928589
3450 5949525 2951679 2951679
3460 5984070 2949888 2949888
3470 6018715 3019630 3019630
3480 6053460 2958476 2958476
3490 6088305 3070668 3070668
3500 6123250 3080466 3080466
3510 6158295 3132574 3132574
3520 6193440 3143308 3143308
3530 6228685 3120767 3120767
3540 6264030 3143301 3143301
3550 6299475 3180922 3180922
3560 6335020 3210878 3210878
3570 6370665 3250753 3250753
3580 6406410 3267952 3267952
3590 6442255 3158183 3158183
3600 6478200 3297553 3297553
3610 6514245 3221886 3221886
3620 6550390 3324198 3324198
3630 6586635 3297487 3297487
3640 6622980 3356109 3356109
3650 6659425 3343584 3343584
3660 6695970 3263660 3263660
3670 6732615 3353880 3353880
3680 6769360 3390749 3390749
3690 6806205 3385896 3385896
3700 6843150 3450281 3450281
3710 6880195 3461065 3461065
3720 6917340 3403956 3403956
3730 6954585 3435401 3435401
3740 6991930 3514516 3514516
3750 7029375 3529264 3529264
3760 7066920 3509520 3509520
3770 7104565 3571973 3571973
3780 7142310 3553064 3553064
3790 7180155 3545416 3545416
3800 7218100 3601152 3601152
3810 7256145 3619843 3619843
3820 7294290 3652676 3652676
3830 7332535 3640329 3640329
3840 7370880 3650150 3650150
3850 7409325 3672858 3672858
3860 7447870 3736721 3736721
3870 7486515 3738846 3738846
3880 7525260 3771130 3771130
3890 7564105 3776211 3776211
3900 7603050 3820071 3820071
3910 7642095 3862821 3862821
3920 7681240 3793340 3793340
3930 7720485 3941513 3941513
3940 7759830 3952951 3952951
3950 7799275 3858858 3858858
3960 7838820 3970097 3970097
3970 7878465 4034649 4034649
3980 7918210 3975846 3975846
3990 7958055 4058488 4058488
4000 7998000 4020875 4020875
4010 8038045 4026441 4026441
4020 8078190 3988528 3988528
4030 8118435 4075790 4075790
4040 8158780 4010149 4010149
4050 8199225 4081936 4081936
4060 8239770 4158684 4158684
4070 8280415 4072589 4072589
4080 8321160 4168475 4168475
4090 8362005 4128998 4128998
4100 8402950 4184002 4184002
4110 8443995 4248440 4248440
4120 8485140 4244192 4244192
4130 8526385 4249892 4249892
4140 8567730 4267802 4267802
4150 8609175 4291718 4291718
4160 8650720 4265370 4265370
4170 8692365 4242543 4242543
4180 8734110 4455761 4455761
4190 8775955 4402266 4402266
4200 8817900 4389649 4389649
4210 8859945 4486998 4486998
4220 8902090 4488683 4488683
4230 8944335 4490450 4490450
4240 8986680 4502195 4502195
4250 9029125 4466896 4466896
4260 9071670 4623512 4623512
4270 9114315 4538502 4538502
4280 9157060 4624392 4624392
4290 9199905 4647312 4647312
4300 9242850 4529597 4529597
4310 9285895 4600163 4600163
4320 9329040 4614388 4614388
4330 9372285 4591483 4591483
4340 9415630 4685212 4685212
4350 9459075 4699284 4699284
4360 9502620 4767263 4767263
4370 9546265 4698372 4698372
4380 9590010 4807198 4807198
4390 9633855 4812402 4812402
4400 9677800 4816737 4816737
4410 9721845 4890786 4890786
4420 9765990 4896899 4896899
4430 9810235 4894893 4894893
4440 9854580 4893255 4893255
4450 9899025 4938056 4938056
4460 9943570 4994376 4994376
4470 9988215 4943006 4943006
4480 10032960 5056648 5056648
4490 10077805 5027291 5027291
4500 10122750 5085747 5085747
4510 10167795 5079768 5079768
4520 10212940 5143086 5143086
4530 10258185 5075986 5075986
4540 10303530 5209885 5209885
4550 10348975 5185985 5185985
4560 10394520 5297267 5297267
4570 10440165 5262379 5262379
4580 10485910 5251630 5251630
4590 10531755 5288285 5288285
4600 10577700 5362543 5362543
4610 10623745 5383086 5383086
4620 10669890 5311383 5311383
4630 10716135 5401678 5401678
4640 10762480 5238862 5238862
4650 10808925 5499168 5499168
4660 10855470 5396202 5396202
4670 10902115 5372404 5372404
4680 10948860 5537166 5537166
4690 10995705 5437578 5437578
4700 11042650 5440546 5440546
4710 11089695 5664008 5664008
4720 11136840 5555069 5555069
4730 11184085 5629792 5629792
4740 11231430 5670338 5670338
4750 11278875 5657818 5657818
4760 11326420 5629690 5629690
4770 11374065 5726782 5726782
4780 11421810 5787881 5787881
4790 11469655 5665159 5665159
4800 11517600 5721751 5721751
4810 11565645 5817365 5817365
4820 11613790 5868002 5868002
4830 11662035 5888291 5888291
4840 11710380 5819522 5819522
4850 11758825 5857049 5857049
4860 11807370 5883753 5883753
4870 11856015 5855228 5855228
4880 11904760 5957605 5957605
4890 11953605 6021854 6021854
4900 12002550 5996976 5996976
4910 12051595 5980252 5980252
4920 12100740 6078990 6078990
4930 12149985 6081118 6081118
4940 12199330 6124598 6124598
4950 12248775 6035697 6035697
4960 12298320 6051191 6051191
4970 12347965 6240892 6240892
4980 12397710 6269515 6269515
4990 12447555 6306890 6306890
5000 12497500 6201114 6201114
5010 12547545 6349551 6349551
5020 12597690 6459486 6459486
5030 12647935 6297179 6297179
5040 12698280 6341517 6341517
5050 12748725 6370000 6370000
5060 12799270 6342204 6342204
5070 12849915 6426772 6426772
5080 12900660 6460054 6460054
5090 12951505 6500143 6500143
5100 13002450 6480170 6480170
5110 13053495 6698525 6698525
5120 13104640 6610380 6610380
5130 13155885 6551713 6551713
5140 13207230 6541834 6541834
5150 13258675 6663529 6663529
5160 13310220 6695419 6695419
5170 13361865 6771569 6771569
5180 13413610 6775399 6775399
5190 13465455 6776453 6776453
5200 13517400 6832137 6832137
5210 13569445 6789098 6789098
5220 13621590 6876787 6876787
5230 13673835 6849005 6849005
5240 13726180 6743593 6743593
5250 13778625 6849009 6849009
5260 13831170 6927438 6927438
5270 13883815 6987137 6987137
5280 13936560 7004637 7004637
5290 13989405 7094771 7094771
5300 14042350 7011212 7011212
5310 14095395 7121141 7121141
5320 14148540 6988963 6988963
5330 14201785 7175782 7175782
5340 14255130 7158850 7158850
5350 14308575 7157524 7157524
5360 14362120 7158130 7158130
5370 14415765 7200440 7200440
5380 14469510 7263956 7263956
5390 14523355 7246944 7246944
5400 14577300 7366414 7366414
5410 14631345 7284722 7284722
5420 14685490 7289997 7289997
5430 14739735 7306461 7306461
5440 14794080 7353112 7353112
5450 14848525 7446652 7446652
5460 14903070 7369270 7369270
5470 14957715 7492813 7492813
5480 15012460 7569047 7569047
5490 15067305 7475932 7475932
5500 15122250 7621019 7621019
5510 15177295 7629306 7629306
5520 15232440 7644686 7644686
5530 15287685 7661470 7661470
5540 15343030 7679497 7679497
5550 15398475 7716431 7716431
5560 15454020 7597181 7597181
5570 15509665 7829508 7829508
5580 15565410 7960390 7960390
5590 15621255 7753798 7753798
5600 15677200 7823457 7823457
5610 15733245 7904943 7904943
5620 15789390 7831302 7831302
5630 15845635 7968209 7968209
5640 15901980 7938918 7938918
5650 15958425 8014083 8014083
5660 16014970 7968099 7968099
5670 16071615 7966920 7966920
5680 16128360 8104704 8104704
5690 16185205 8121978 8121978
5700 16242150 8135287 8135287
5710 16299195 8039401 8039401
5720 16356340 8187407 8187407
5730 16413585 8277286 8277286
5740 16470930 8154910 8154910
5750 16528375 8373655 8373655
5760 16585920 8394231 8394231
5770 16643565 8355185 8355185
5780 16701310 8350323 8350323
5790 16759155 8470775 8470775
5800 16817100 8391010 8391010
5810 16875145 8590614 8590614
5820 16933290 8516387 8516387
5830 16991535 8404188 8404188
5840 17049880 8462005 8462005
5850 17108325 8534444 8534444
5860 17166870 8556082 8556082
5870 17225515 8629175 8629175
5880 17284260 8705244 8705244
5890 17343105 8556182 8556182
5900 17402050 8750864 8750864
5910 17461095 8721138 8721138
5920 17520240 8849292 8849292
5930 17579485 8695196 8695196
5940 17638830 8863777 8863777
5950 17698275 8828851 8828851
5960 17757820 8830146 8830146
5970 17817465 8834616 8834616
5980 17877210 9035074 9035074
5990 17937055 8978330 8978330
6000 17997000 8927138 8927138
6010 18057045 9134662 9134662
6020 18117190 8998774 8998774
6030 18177435 9017609 9017609
6040 18237780 9116161 9116161
6050 18298225 9032665 9032665
6060 18358770 9113404 9113404
6070 18419415 9100091 9100091
6080 18480160 9303678 9303678
6090 18541005 9217276 9217276
6100 18601950 9319277 9319277
6110 18662995 9102462 9102462
6120 18724140 9487693 9487693
6130 18785385 9456490 9456490
6140 18846730 9519100 9519100
6150 18908175 9534509 9534509
6160 18969720 9345664 9345664
6170 19031365 9564420 9564420
6180 19093110 9504173 9504173
6190 19154955 9618793 9618793
6200 19216900 9479857 9479857
6210 19278945 9669958 9669958
6220 19341090 9635417 9635417
6230 19403335 9786004 9786004
6240 19465680 9846217 9846217
6250 19528125 9826267 9826267
6260 19590670 9593366 9593366
6270 19653315 9847398 9847398
6280 19716060 9903202 9903202
6290 19778905 9956841 9956841
6300 19841850 9819379 9819379
6310 19904895 9838312 9838312
6320 19968040 9922956 9922956
6330 20031285 9986836 9986836
6340 20094630 10051568 10051568
6350 20158075 10025710 10025710
6360 20221620 10240667 10240667
6370 20285265 10215240 10215240
6380 20349010 10271655 10271655
6390 20412855 10245079 10245079
6400 20476800 10513646 10513646
6410 20540845 10325778 10325778
6420 20604990 10286223 10286223
6430 20669235 10390073 10390073
6440 20733580 10371380 10371380
6450 20798025 10380005 10380005
6460 20862570 10438183 10438183
6470 20927215 10529525 10529525
6480 20991960 10476247 10476247
6490 21056805 10557155 10557155
6500 21121750 10563736 10563736
6510 21186795 10599807 10599807
6520 21251940 10493011 10493011
6530 21317185 10565685 10565685
6540 21382530 10604211 10604211
6550 21447975 10593634 10593634
6560 21513520 10833338 10833338
6570 21579165 10779702 10779702
6580 21644910 10691789 10691789
6590 21710755 10941425 10941425
6600 21776700 10896526 10896526
6610 21842745 10931513 10931513
6620 21908890 11021669 11021669
6630 21975135 10845931 10845931
6640 22041480 10801316 10801316
6650 22107925 10957356 10957356
6660 22174470 11043005 11043005
6670 22241115 11181142 11181142
6680 22307860 11183128 11183128
6690 22374705 11200761 11200761
6700 22441650 11109567 11109567
6710 22508695 11347075 11347075
6720 22575840 11257696 11257696
6730 22643085 11327548 11327548
6740 22710430 11366334 11366334
6750 22777875 11235060 11235060
6760 22845420 11413280 11413280
6770 22913065 11469232 11469232
6780 22980810 11452925 11452925
6790 23048655 11454215 11454215
6800 23116600 11656211 11656211
6810 23184645 11522350 11522350
6820 23252790 11491374 11491374
6830 23321035 11632048 11632048
6840 23389380 11666883 11666883
6850 23457825 11723387 11723387
6860 23526370 11769658 11769658
6870 23595015 11987538 11987538
6880 23663760 11832159 11832159
6890 23732605 11829294 11829294
6900 23801550 11743872 11743872
6910 23870595 11995700 11995700
6920 23939740 12057378 12057378
6930 24008985 12045624 12045624
6940 24078330 12165083 12165083
6950 24147775 12062364 12062364
6960 24217320 12214182 12214182
6970 24286965 12226944 12226944
6980 24356710 12268133 12268133
6990 24426555 12211556 12211556
7000 24496500 12142389 12142389
7010 24566545 12182589 12182589
7020 24636690 12481771 12481771
7030 24706935 12391749 12391749
7040 24777280 12528437 12528437
7050 24847725 12353646 12353646
7060 24918270 12393305 12393305
7070 24988915 12325007 12325007
7080 25059660 12645519 12645519
7090 25130505 12645534 12645534
7100 25201450 12671419 12671419
7110 25272495 12478730 12478730
7120 25343640 12588993 12588993
7130 25414885 12805306 12805306
7140 25486230 12839026 12839026
7150 25557675 12834213 12834213
7160 25629220 12746680 12746680
7170 25700865 12766075 12766075
7180 25772610 13000249 13000249
7190 25844455 12973815 12973815
7200 25916400 13094873 13094873
7210 25988445 13068016 13068016
7220 26060590 13127972 13127972
7230 26132835 12945522 12945522
7240 26205180 12807669 12807669
7250 26277625 13164619 13164619
7260 26350170 13111039 13111039
7270 26422815 13252634 13252634
7280 26495560 13359962 13359962
7290 26568405 13219067 13219067
7300 26641350 13377110 13377110
7310 26714395 13393102 13393102
7320 26787540 13388148 13388148
7330 26860785 13555525 13555525
7340 26934130 13400544 13400544
7350 27007575 13399194 13399194
7360 27081120 13558683 13558683
7370 27154765 13364180 13364180
7380 27228510 13634785 13634785
7390 27302355 13652906 13652906
7400 27376300 13597880 13597880
7410 27450345 13539058 13539058
7420 27524490 13777792 13777792
7430 27598735 13682400 13682400
7440 27673080 13668964 13668964
7450 27747525 13898530 13898530
7460 27822070 13860531 13860531
7470 27896715 13767616 13767616
7480 27971460 13923120 13923120
7490 28046305 14031444 14031444
7500 28121250 14129067 14129067
7510 28196295 14066575 14066575
7520 28271440 13941467 13941467
7530 28346685 14117639 14117639
7540 28422030 14188946 14188946
7550 28497475 14090625 14090625
7560 28573020 14368413 14368413
7570 28648665 14359398 14359398
7580 28724410 14388405 14388405
7590 28800255 14272903 14272903
7600 28876200 14315974 14315974
7610 28952245 14380262 14380262
7620 29028390 14467713 14467713
7630 29104635 14695077 14695077
7640 29180980 14535926 14535926
7650 29257425 14473435 14473435
7660 29333970 14590416 14590416
7670 29410615 14853635 14853635
7680 29487360 14814863 14814863
7690 29564205 14837198 14837198
7700 29641150 14766275 14766275
7710 29718195 14856367 14856367
7720 29795340 14874033 14874033
7730 29872585 14669738 14669738
7740 29949930 14944530 14944530
7750 30027375 14666610 14666610
7760 30104920 15049278 15049278
7770 30182565 15332548 15332548
7780 30260310 14966067 14966067
7790 30338155 15135188 15135188
7800 30416100 15011773 15011773
7810 30494145 15095373 15095373
7820 30572290 15072929 15072929
7830 30650535 15261590 15261590
7840 30728880 15367081 15367081
7850 30807325 15437297 15437297
7860 30885870 15548731 15548731
7870 30964515 15341231 15341231
7880 31043260 15608793 15608793
7890 31122105 15531733 15531733
7900 31201050 15566897 15566897
7910 31280095 15626378 15626378
7920 31359240 15788603 15788603
7930 31438485 15710384 15710384
7940 31517830 15775318 15775318
7950 31597275 15720394 15720394
7960 31676820 15604593 15604593
7970 31756465 15918311 15918311
7980 31836210 15932862 15932862
7990 31916055 15820188 15820188
8000 31996000 15933156 15933156
8010 32076045 16359637 16359637
8020 32156190 16100760 16100760
8030 32236435 16308691 16308691
8040 32316780 16150560 16150560
8050 32397225 15964761 15964761
8060 32477770 16403944 16403944
8070 32558415 16199184 16199184
8080 32639160 16382029 16382029
8090 32720005 16358514 16358514
8100 32800950 16393498 16393498
8110 32881995 16398681 16398681
8120 32963140 16418640 16418640
8130 33044385 16438665 16438665
8140 33125730 16381948 16381948
8150 33207175 16424838 16424838
8160 33288720 16697257 16697257
8170 33370365 16871244 16871244
8180 33452110 16783953 16783953
8190 33533955 16951406 16951406
8200 33615900 16687326 16687326
8210 33697945 16904734 16904734
8220 33780090 16610838 16610838
8230 33862335 17021209 17021209
8240 33944680 17046746 17046746
8250 34027125 16925069 16925069
8260 34109670 17078422 17078422
8270 34192315 16928525 16928525
8280 34275060 17308067 17308067
8290 34357905 17117691 17117691
8300 34440850 17102189 17102189
8310 34523895 17266949 17266949
8320 34607040 17287617 17287617
8330 34690285 17365523 17365523
8340 34773630 17366957 17366957
8350 34857075 17631386 17631386
8360 34940620 17506271 17506271
8370 35024265 17533217 17533217
8380 35108010 17562210 17562210
8390 35191855 17701088 17701088
8400 35275800 17206106 17206106
8410 35359845 17581713 17581713
8420 35443990 17564605 17564605
8430 35528235 17843266 17843266
8440 35612580 17796252 17796252
8450 35697025 17938748 17938748
8460 35781570 17938576 17938576
8470 35866215 17769317 17769317
8480 35950960 18058183 18058183
8490 36035805 17921063 17921063
8500 36120750 17805621 17805621
8510 36205795 18246213 18246213
8520 36290940 18203429 18203429
8530 36376185 18287575 18287575
8540 36461530 17999382 17999382
8550 36546975 18170353 18170353
8560 36632520 18242478 18242478
8570 36718165 18446391 18446391
8580 36803910 18415702 18415702
8590 36889755 18402615 18402615
8600 36975700 18486612 18486612
8610 37061745 18463066 18463066
8620 37147890 18611791 18611791
8630 37234135 18487695 18487695
8640 37320480 18825831 18825831
8650 37406925 18828035 18828035
8660 37493470 18962693 18962693
8670 37580115 18736352 18736352
8680 37666860 19020905 19020905
8690 37753705 18722471 18722471
8700 37840650 18967536 18967536
8710 37927695 18811862 18811862
8720 38014840 19208129 19208129
8730 38102085 18965676 18965676
8740 38189430 19139013 19139013
8750 38276875 19211761 19211761
8760 38364420 18957107 18957107
8770 38452065 19442362 19442362
8780 38539810 19512411 19512411
8790 38627655 19283581 19283581
8800 38715600 19301546 19301546
8810 38803645 19385860 19385860
8820 38891790 19454596 19454596
8830 38980035 19648132 19648132
8840 39068380 19421261 19421261
8850 39156825 19658040 19658040
8860 39245370 19507715 19507715
8870 39334015 19777525 19777525
8880 39422760 19703689 19703689
8890 39511605 19687458 19687458
8900 39600550 19848319 19848319
8910 39689595 19703343 19703343
8920 39778740 19761066 19761066
8930 39867985 19960489 19960489
8940 39957330 20326411 20326411
8950 40046775 19998864 19998864
8960 40136320 19778833 19778833
8970 40225965 20056855 20056855
8980 40315710 19831057 19831057
8990 40405555 20071105 20071105
9000 40495500 20196050 20196050
9010 40585545 20384551 20384551
9020 40675690 20026134 20026134
9030 40765935 20299338 20299338
9040 40856280 20618047 20618047
9050 40946725 20405467 20405467
9060 41037270 20572475 20572475
9070 41127915 20528593 20528593
9080 41218660 20528896 20528896
9090 41309505 20390565 20390565
9100 41400450 20633686 20633686
9110 41491495 20681008 20681008
9120 41582640 20595288 20595288
9130 41673885 20856926 20856926
9140 41765230 20855261 20855261
9150 41856675 21034054 21034054
9160 41948220 21245243 21245243
9170 42039865 20765418 20765418
9180 42131610 20780917 20780917
9190 42223455 21205087 21205087
9200 42315400 21185554 21185554
9210 42407445 21334302 21334302
9220 42499590 21397898 21397898
9230 42591835 21061602 21061602
9240 42684180 21167227 21167227
9250 42776625 21474477 21474477
9260 42869170 21208484 21208484
9270 42961815 21424810 21424810
9280 43054560 21287973 21287973
9290 43147405 21664783 21664783
9300 43240350 21522595 21522595
9310 43333395 21522329 21522329
9320 43426540 21557927 21557927
9330 43519785 21815195 21815195
9340 43613130 21688490 21688490
9350 43706575 22022902 22022902
9360 43800120 22125996 22125996
9370 43893765 21937993 21937993
9380 43987510 22020810 22020810
9390 44081355 21884735 21884735
9400 44175300 22018399 22018399
9410 44269345 22267395 22267395
9420 44363490 22282967 22282967
9430 44457735 22275259 22275259
9440 44552080 22284072 22284072
9450 44646525 22241442 22241442
9460 44741070 22205834 22205834
9470 44835715 22697548 22697548
9480 44930460 22802109 22802109
9490 45025305 22544234 22544234
9500 45120250 22296500 22296500
9510 45215295 22548648 22548648
9520 45310440 22669273 22669273
9530 45405685 22855469 22855469
9540 45501030 22654061 22654061
9550 45596475 23025748 23025748
9560 45692020 22646224 22646224
9570 45787665 23051571 23051571
9580 45883410 22740697 22740697
9590 45979255 22921647 22921647
9600 46075200 23042798 23042798
9610 46171245 22969877 22969877
9620 46267390 23140092 23140092
9630 46363635 23217923 23217923
9640 46459980 23062035 23062035
9650 46556425 23196096 23196096
9660 46652970 23131479 23131479
9670 46749615 23256059 23256059
9680 46846360 23319472 23319472
9690 46943205 23307080 23307080
9700 47040150 23569064 23569064
9710 47137195 23659837 23659837
9720 47234340 23524954 23524954
9730 47331585 23234719 23234719
9740 47428930 23529534 23529534
9750 47526375 23555292 23555292
9760 47623920 23790960 23790960
9770 47721565 23912190 23912190
9780 47819310 23671026 23671026
9790 47917155 23836149 23836149
9800 48015100 23977763 23977763
9810 48113145 23960679 23960679
9820 48211290 23827209 23827209
9830 48309535 24386452 24386452
9840 48407880 24344901 24344901
9850 48506325 24145572 24145572
9860 48604870 24226339 24226339
9870 48703515 24373939 24373939
9880 48802260 24703793 24703793
9890 48901105 24360614 24360614
9900 49000050 24200423 24200423
9910 49099095 24663651 24663651
9920 49198240 24895196 24895196
9930 49297485 24385980 24385980
9940 49396830 24946817 24946817
9950 49496275 24791404 24791404
9960 49595820 24531031 24531031
9970 49695465 24521449 24521449
9980 49795210 24904114 24904114
9990 49895055 24944861 24944861
10000 49995000 25016123 25016123
