10 25
20 130
30 277
40 480
50 807
60 1072
70 1583
80 2090
90 2751
100 3395
110 3935
120 4773
130 5359
140 6752
150 7576
160 8697
170 9620
180 11013
190 12231
200 13526
210 14016
220 15974
230 17875
240 19804
250 20569
260 22633
270 24658
280 26772
290 28121
300 29228
310 31154
320 34322
330 35466
340 37599
350 39697
360 43930
370 45146
380 47356
390 51521
400 53147
410 56203
420 58438
430 61862
440 64902
450 68331
460 71584
470 73461
480 77188
490 78735
500 82796
510 85085
520 88896
530 93209
540 98135
550 102239
560 105120
570 110485
580 110038
590 115315
600 119076
610 125717
620 125942
630 128757
640 135934
650 141438
660 143508
670 148812
680 152250
690 160151
700 161974
710 165996
720 173352
730 181074
740 181078
750 185003
760 187673
770 197705
780 207562
790 204720
800 218266
810 217014
820 219908
830 231089
840 235007
850 239307
860 239461
870 249853
880 254079
890 257667
900 269130
910 275163
920 284521
930 288140
940 291076
950 300737
960 308122
970 308099
980 321487
990 332737
1000 329122
1010 332495
1020 352237
1030 355485
1040 360365
1050 362780
1060 370845
1070 376984
1080 386129
1090 394111
1100 399874
1110 408929
1120 421660
1130 424975
1140 432336
1150 439412
1160 443155
1170 458507
1180 460551
1190 470646
1200 479546
1210 494465
1220 486909
1230 502488
1240 510123
1250 514623
1260 529615
1270 539598
1280 542580
1290 552182
1300 565323
1310 565949
1320 587524
1330 588069
1340 595494
1350 602628
1360 609794
1370 621096
1380 639839
1390 650620
1400 657098
1410 661579
1420 682875
1430 678686
1440 690568
1450 692453
1460 709780
1470 720010
1480 743744
1490 736407
1500 736697
1510 756694
1520 771596
1530 784121
1540 779053
1550 803717
1560 813172
1570 822139
1580 828484
1590 829863
1600 853262
1610 871199
1620 871419
1630 887450
1640 898975
1650 922155
1660 917140
1670 932546
1680 943128
1690 954031
1700 970971
1710 986663
1720 974116
1730 991941
1740 1012913
1750 1022081
1760 1026285
1770 1030855
1780 1064216
1790 1072829
1800 1074212
1810 1096888
1820 1110345
1830 1098589
1840 1124864
1850 1149405
1860 1148310
1870 1175784
1880 1185967
1890 1184177
1900 1200751
1910 1222031
1920 1232410
1930 1241063
1940 1250836
1950 1273042
1960 1296608
1970 1288839
1980 1306086
1990 1317711
2000 1332988
2010 1346197
2020 1371470
2030 1374658
2040 1402447
2050 1409627
2060 1409955
2070 1415296
2080 1435358
2090 1469830
2100 1472250
2110 1482209
2120 1501705
2130 1520304
2140 1527235
2150 1550697
2160 1560160
2170 1572778
2180 1587822
2190 1597919
2200 1605910
2210 1645691
2220 1646300
2230 1662381
2240 1658962
2250 1669633
2260 1706860
2270 1727123
2280 1736714
2290 1752590
2300 1755098
2310 1778004
2320 1787630
2330 1816045
2340 1822410
2350 1841886
2360 1864804
2370 1862499
2380 1898208
2390 1909871
2400 1887774
2410 1935859
2420 1938239
2430 1956249
2440 1989833
2450 2009515
2460 1983479
2470 2037083
2480 2083743
2490 2078077
2500 2098092
2510 2090003
2520 2124116
2530 2104282
2540 2137020
2550 2159784
2560 2185977
2570 2213751
2580 2210544
2590 2221825
2600 2239084
2610 2274484
2620 2295091
2630 2300192
2640 2322861
2650 2327448
2660 2356504
2670 2372613
2680 2400130
2690 2409576
2700 2450048
2710 2433133
2720 2454930
2730 2496109
2740 2457512
2750 2502337
2760 2537922
2770 2552637
2780 2584238
2790 2596836
2800 2605858
2810 2622374
2820 2620465
2830 2670813
2840 2721239
2850 2707482
2860 2730057
2870 2744721
2880 2742873
2890 2799739
2900 2788186
2910 2788732
2920 2866648
2930 2893603
2940 2867997
2950 2909270
2960 2920902
2970 2930173
2980 2932579
2990 2985251
3000 3009532
3010 3003057
3020 3034928
3030 3065826
3040 3084300
3050 3105337
3060 3124185
3070 3128461
3080 3158646
3090 3213509
3100 3183690
3110 3198257
3120 3261242
3130 3261972
3140 3283900
3150 3322577
3160 3311042
3170 3356643
3180 3375753
3190 3403791
3200 3379961
3210 3461862
3220 3488661
3230 3458874
3240 3494953
3250 3515984
3260 3521009
3270 3566113
3280 3575092
3290 3584795
3300 3634118
3310 3609094
3320 3706116
3330 3705328
3340 3728383
3350 3716319
3360 3758095
3370 3775751
3380 3815859
3390 3818010
3400 3892497
3410 3862711
3420 3882602
3430 3909262
3440 3930356
3450 4015265
3460 3994931
3470 3984841
3480 4036250
3490 4073211
3500 4086588
3510 4102121
3520 4109940
3530 4132079
3540 4236736
3550 4244415
3560 4182020
3570 4250629
3580 4255176
3590 4312946
3600 4338338
3610 4359593
3620 4346361
3630 4392450
3640 4418208
3650 4474601
3660 4440248
3670 4538792
3680 4543521
3690 4545923
3700 4520619
3710 4613427
3720 4594820
3730 4600014
3740 4667005
3750 4685538
3760 4712430
3770 4707375
3780 4738422
3790 4803565
3800 4815034
3810 4891379
3820 4891014
3830 4873183
3840 4910037
3850 4960935
3860 4961514
3870 4963785
3880 5018305
3890 5069997
3900 5071730
3910 5015366
3920 5135096
3930 5189817
3940 5147485
3950 5156477
3960 5265385
3970 5261584
3980 5248965
3990 5282333
4000 5360554
4010 5346209
4020 5330492
4030 5383329
4040 5399702
4050 5484595
4060 5511284
4070 5493570
4080 5564399
4090 5559541
4100 5613564
4110 5645683
4120 5623458
4130 5698463
4140 5695273
4150 5786643
4160 5789136
4170 5797207
4180 5803164
4190 5873595
4200 5880864
4210 5941607
4220 5909328
4230 6012985
4240 5979653
4250 6056662
4260 6053817
4270 6118311
4280 6102658
4290 6135419
4300 6164967
4310 6173785
4320 6227362
4330 6230448
4340 6250172
4350 6364675
4360 6310480
4370 6357649
4380 6410064
4390 6383139
4400 6455707
4410 6479588
4420 6529686
4430 6622059
4440 6547016
4450 6609435
4460 6634604
4470 6654793
4480 6622882
4490 6665067
4500 6678052
4510 6775254
4520 6792464
4530 6865939
4540 6896884
4550 6913148
4560 6976326
4570 7025339
4580 7017021
4590 6993101
4600 7088192
4610 7110749
4620 7125335
4630 7093299
4640 7168818
4650 7193412
4660 7236198
4670 7224280
4680 7296551
4690 7291760
4700 7410258
4710 7399742
4720 7414213
4730 7457597
4740 7591534
4750 7518703
4760 7586780
4770 7560469
4780 7638019
4790 7634369
4800 7696614
4810 7778018
4820 7777152
4830 7761941
4840 7794848
4850 7828169
4860 7873998
4870 7836783
4880 7926169
4890 7864619
4900 7950631
4910 8069717
4920 8133816
4930 8094803
4940 8226418
4950 8114975
4960 8129635
4970 8237404
4980 8276888
4990 8283100
5000 8291508
5010 8378183
5020 8319183
5030 8436081
5040 8504352
5050 8424061
5060 8493914
5070 8540951
5080 8585168
5090 8627364
5100 8619658
5110 8655595
5120 8779597
5130 8780477
5140 8807588
5150 8841801
5160 8930329
5170 8819481
5180 8871735
5190 8977321
5200 9037533
5210 8966931
5220 9121407
5230 9088609
5240 9151968
5250 9265915
5260 9191580
5270 9207175
5280 9334952
5290 9312526
5300 9387462
5310 9409574
5320 9500244
5330 9467684
5340 9572330
5350 9538166
5360 9652348
5370 9569795
5380 9632689
5390 9761055
5400 9686718
5410 9760747
5420 9791082
5430 9819744
5440 9889332
5450 9972304
5460 9973326
5470 9962528
5480 10000288
5490 10043447
5500 10056445
5510 10165758
5520 10101925
5530 10220308
5540 10261286
5550 10333999
5560 10252209
5570 10298670
5580 10439802
5590 10329717
5600 10429101
5610 10542027
5620 10517416
5630 10472661
5640 10652213
5650 10610487
5660 10676341
5670 10639094
5680 10816091
5690 10803647
5700 10830964
5710 11004845
5720 10918993
5730 11007527
5740 10979176
5750 10954711
5760 11054339
5770 11039523
5780 11117106
5790 11184913
5800 11230610
5810 11212236
5820 11323976
5830 11324093
5840 11419757
5850 11374490
5860 11461685
5870 11458268
5880 11504681
5890 11531603
5900 11517791
5910 11697029
5920 11711162
5930 11678005
5940 11843976
5950 11799417
5960 11795976
5970 11813991
5980 11804205
5990 12008148
6000 11917756
6010 12065664
6020 12049831
6030 12128972
6040 12192252
6050 12294949
6060 12320540
6070 12280432
6080 12331592
6090 12305610
6100 12337276
6110 12555401
6120 12507808
6130 12553157
6140 12610510
6150 12703439
6160 12606038
6170 12635285
6180 12857460
6190 12788665
6200 12891235
6210 12846133
6220 12810488
6230 12980103
6240 13019889
6250 13004253
6260 13023216
6270 13083126
6280 13153998
6290 13183577
6300 13276159
6310 13262745
6320 13391506
6330 13412794
6340 13394795
6350 13450189
6360 13420270
6370 13603397
6380 13515688
6390 13630102
6400 13583500
6410 13689953
6420 13793226
6430 13817813
6440 13766104
6450 13922361
6460 13920806
6470 13958500
6480 14032132
6490 14086247
6500 14097740
6510 14152177
6520 14181489
6530 14156835
6540 14230752
6550 14361603
6560 14375502
6570 14331827
6580 14446284
6590 14496083
6600 14487590
6610 14500743
6620 14673266
6630 14592161
6640 14774426
6650 14632155
6660 14801385
6670 14819229
6680 14879777
6690 14988399
6700 14895487
6710 14934309
6720 15045943
6730 15203551
6740 15121098
6750 15170925
6760 15139316
6770 15343622
6780 15234366
6790 15292799
6800 15448754
6810 15337067
6820 15478246
6830 15525591
6840 15479342
6850 15576414
6860 15616164
6870 15661711
6880 15811288
6890 15768661
6900 15799034
6910 15807968
6920 15892706
6930 15952633
6940 16008909
6950 16086225
6960 16103434
6970 16087731
6980 16274858
6990 16299290
7000 16431634
7010 16317235
7020 16360495
7030 16474399
7040 16589016
7050 16628216
7060 16589060
7070 16578782
7080 16828769
7090 16792605
7100 16841628
7110 16891349
7120 16873602
7130 16893792
7140 16884496
7150 17060579
7160 17082479
7170 17098073
7180 17250698
7190 17232793
7200 17272334
7210 17254101
7220 17501258
7230 17487651
7240 17501493
7250 17402184
7260 17657093
7270 17641875
7280 17583656
7290 17837419
7300 17792524
7310 17754326
7320 17869856
7330 17909098
7340 17923142
7350 18080355
7360 17992443
7370 18178471
7380 18177977
7390 18160263
7400 18235628
7410 18248999
7420 18477388
7430 18369631
7440 18348905
7450 18347223
7460 18570892
7470 18551483
7480 18627352
7490 18692815
7500 18825364
7510 18815462
7520 18953604
7530 18923151
7540 18944389
7550 19109265
7560 19025438
7570 19017629
7580 19093194
7590 19233935
7600 19203901
7610 19291599
7620 19413296
7630 19312583
7640 19467784
7650 19489615
7660 19564038
7670 19516543
7680 19592480
7690 19707781
7700 19827072
7710 19761067
7720 19912482
7730 20148429
7740 19908736
7750 20103030
7760 20027281
7770 20029633
7780 20057721
7790 20192758
7800 20262412
7810 20326141
7820 20322524
7830 20431047
7840 20546196
7850 20529535
7860 20751668
7870 20672799
7880 20562725
7890 20704256
7900 20796368
7910 20852772
7920 20864154
7930 20972807
7940 21036625
7950 21032075
7960 21180885
7970 21275055
7980 21177990
7990 21247405
8000 21412345
8010 21495064
8020 21494534
8030 21506804
8040 21453288
8050 21525690
8060 21666226
8070 21733783
8080 21871161
8090 21765486
8100 21806229
8110 21963926
8120 22001385
8130 22136045
8140 21916062
8150 21946871
8160 22233164
8170 22192863
8180 22308715
8190 22432675
8200 22452087
8210 22435579
8220 22527527
8230 22652590
8240 22662390
8250 22716301
8260 22889144
8270 22859324
8280 22869424
8290 22835867
8300 22955778
8310 23058209
8320 22995394
8330 23265864
8340 23206030
8350 23340397
8360 23284178
8370 23273100
8380 23294620
8390 23490851
8400 23622936
8410 23477333
8420 23593272
8430 23650847
8440 23872120
8450 23790339
8460 23883674
8470 23883581
8480 24083133
8490 24121821
8500 24146530
8510 24174909
8520 24204702
8530 24368087
8540 24297078
8550 24249610
8560 24417950
8570 24291511
8580 24450745
8590 24748832
8600 24807068
8610 24621392
8620 24708392
8630 24923204
8640 25024194
8650 24837871
8660 25010288
8670 25182042
8680 25086082
8690 25265943
8700 25069558
8710 25258469
8720 25390690
8730 25313755
8740 25496814
8750 25560793
8760 25544983
8770 25596539
8780 25555331
8790 25494449
8800 25748257
8810 25940059
8820 25910740
8830 26187083
8840 26164291
8850 26197224
8860 26239438
8870 26213378
8880 26221194
8890 26417018
8900 26259976
8910 26322949
8920 26680476
8930 26548920
8940 26676462
8950 26710751
8960 26622057
8970 26827155
8980 26904336
8990 26851169
9000 27125782
9010 26960735
9020 27307446
9030 27295911
9040 27083856
9050 27347145
9060 27257795
9070 27439625
9080 27571819
9090 27420245
9100 27796085
9110 27754683
9120 27534321
9130 27833719
9140 27848940
9150 27864410
9160 28005166
9170 27995824
9180 28067321
9190 28132167
9200 28281134
9210 28332131
9220 28402940
9230 28535179
9240 28552441
9250 28485107
9260 28532535
9270 28562873
9280 28600934
9290 28711091
9300 29009414
9310 28877687
9320 29093066
9330 29035823
9340 29098152
9350 29202559
9360 29081476
9370 29297415
9380 29494823
9390 29366051
9400 29532751
9410 29573981
9420 29523720
9430 29632255
9440 29715349
9450 30055533
9460 29819516
9470 29832392
9480 29845025
9490 30268603
9500 29987863
9510 30052399
9520 30360982
9530 30341430
9540 30494140
9550 30493790
9560 30535918
9570 30658943
9580 30497467
9590 30668261
9600 30675016
9610 30873641
9620 30825962
9630 30804667
9640 30893218
9650 31019630
9660 31284973
9670 31365228
9680 31352214
9690 31314566
9700 31339016
9710 31567381
9720 31422822
9730 31537472
9740 31625790
9750 31608283
9760 31705046
9770 31878264
9780 31511308
9790 31944055
9800 31932508
9810 32212229
9820 32183106
9830 32255889
9840 32343275
9850 32281177
9860 32438622
9870 32225249
9880 32627183
9890 32710486
9900 32620996
9910 32689173
9920 32826925
9930 32999259
9940 32891238
9950 32908806
9960 33033714
9970 33147796
9980 33210736
9990 32949073
10000 33235576
