1 1 0
2 3 0
3 5 3
4 9 4
5 9 9
6 13 11
7 17 12
8 25 18
9 24 22
10 28 29
11 31 40
12 49 49
13 55 40
14 57 61
15 64 72
16 78 83
17 63 106
18 81 113
19 93 111
20 115 123
21 94 140
22 122 162
23 144 167
24 156 196
25 159 214
26 156 225
27 165 243
28 202 242
29 213 247
30 208 292
31 196 308
32 255 300
33 193 354
34 237 368
35 250 440
36 316 454
37 331 480
38 348 505
39 364 527
40 382 567
41 385 554
42 402 541
43 420 543
44 453 636
45 427 655
46 433 687
47 477 724
48 527 769
49 501 736
50 520 769
51 571 909
52 591 902
53 549 926
54 583 937
55 636 961
56 677 964
57 679 1045
58 650 1123
59 723 1194
60 766 1197
61 767 1154
62 772 1240
63 834 1287
64 861 1370
65 866 1420
66 913 1439
67 961 1509
68 966 1520
69 949 1551
70 1020 1721
71 1025 1681
72 1099 1752
73 868 1678
74 893 1837
75 918 1705
76 1215 1988
77 1147 2022
78 1249 1959
79 1253 2033
80 1336 2168
81 1264 2053
82 1224 2261
83 1301 2237
84 1435 2280
85 1412 2543
86 1526 2405
87 1531 2325
88 1528 2641
89 1409 2844
90 1493 2536
91 1607 2827
92 1682 2584
93 1732 2890
94 1768 3031
95 1831 2929
96 1807 3159
97 1873 3014
98 1880 3079
99 1948 3288
100 1985 3443
101 1957 3426
102 1963 3622
103 2064 3718
104 2170 3332
105 2009 3544
106 2179 3748
107 2288 3952
108 2257 3891
109 2261 3996
110 2371 4221
111 2376 4256
112 2345 4175
113 2385 4287
114 2462 4241
115 2503 4407
116 2545 4598
117 2477 4540
118 2703 4563
119 2747 4663
120 2711 4869
121 2791 4766
122 2723 4809
123 2921 5068
124 2944 5080
125 3052 4724
126 3056 5059
127 3143 5384
128 3105 5428
129 3111 5312
130 3200 5527
131 3337 5608
132 3377 5952
133 3348 5542
134 3353 5935
135 3445 5580
136 3541 6210
137 3589 6210
138 3340 6236
139 3737 6374
140 3618 6389
141 3570 6534
142 3664 6822
143 3802 7031
144 3911 6703
145 3908 6892
146 4055 6780
147 4059 6959
148 3999 6951
149 4168 7762
150 4272 7135
151 4375 7504
152 4236 7676
153 4238 7717
154 4343 8127
155 4447 8001
156 4506 8048
157 4507 8464
158 4715 8293
159 4721 8465
160 4649 8425
161 4681 8655
162 4947 8454
163 4797 8741
164 4912 8663
165 4811 8986
166 4869 8769
167 5297 9593
168 5124 9310
169 4991 9527
170 5155 9403
171 5376 9929
172 5329 10014
173 5280 10236
174 5392 10449
175 5793 9909
176 5569 10175
177 5859 10292
178 5982 10664
179 5756 10451
180 5994 11162
181 5939 11158
182 6122 11027
183 6244 11437
184 6191 11253
185 6253 11652
186 6504 11501
187 6447 11536
188 6290 11873
189 6578 11978
190 6522 11460
191 6525 11803
192 6656 11990
193 6722 12638
194 6918 12589
195 6737 12881
196 6706 12965
197 6870 12089
198 7131 13305
199 7138 13201
200 7148 13025
201 7342 13334
202 7414 13816
203 7616 13379
204 7268 14041
205 7432 13780
206 7566 14453
207 7771 14626
208 7364 14170
209 7717 14987
210 8129 14895
211 8064 15029
212 8005 15608
213 8214 15165
214 8358 15316
215 8089 15371
216 8239 15008
217 8581 15374
218 8733 15830
219 8808 15524
220 8043 16045
221 9036 16148
222 9113 16123
223 9118 17295
224 8695 16065
225 9054 16834
226 9136 17054
227 9360 17007
228 9125 17130
229 9444 17401
230 9379 17755
231 9680 17771
232 9320 18594
233 9324 18489
234 9774 18541
235 9931 18740
236 9309 18840
237 10093 18972
238 10252 19016
239 10415 18846
240 10265 18981
241 10117 18848
242 10432 20059
243 10752 19453
244 10056 19906
245 10605 20368
246 10849 20241
247 10695 20311
248 10705 20554
249 11184 21097
250 11271 20741
251 11440 20911
252 10759 21446
253 11448 21333
254 11620 20857
255 11789 21960
256 11430 22312
257 11395 21557
258 11894 22803
259 11990 22472
260 11584 21712
261 12172 21854
262 12351 22900
263 12528 22467
264 11629 22891
265 12539 22988
266 12548 23437
267 12816 23781
268 12445 23972
269 13089 24551
270 13187 23908
271 13193 23820
272 12309 23334
273 13294 24924
274 13301 24957
275 13666 24662
276 12830 25727
277 13413 24309
278 13779 25957
279 13965 25535
280 12855 26332
281 14345 26238
282 14351 26333
283 14545 26789
284 13594 26833
285 14189 26108
286 14657 26519
287 14567 27185
288 13665 27654
289 14490 27159
290 15060 27997
291 14876 28735
292 14313 27850
293 15365 28293
294 15662 28835
295 15668 28978
296 14453 29449
297 15875 28655
298 15687 30023
299 16084 29608
300 15283 29786
301 16298 30868
302 16102 29885
303 16608 30754
304 15647 30782
305 16220 32062
306 16326 30569
307 16630 30791
308 15717 31265
309 16839 31958
310 17258 31839
311 17359 31660
312 15773 33148
313 17272 32846
314 17587 32479
315 17904 33015
316 16282 33043
317 17916 33472
318 18026 33550
319 17822 33519
320 16869 34214
321 18461 34074
322 18575 33969
323 18798 34721
324 17373 35200
325 18490 34821
326 18709 35646
327 19034 35802
328 17568 35724
329 19372 37256
330 19266 36303
331 19713 36175
332 18756 36380
333 19834 36784
334 19949 37865
335 20171 37954
336 18400 36811
337 20299 37419
338 20530 38152
339 20536 36963
340 18940 39220
341 20545 38686
342 20891 38660
343 21010 38614
344 19515 39556
345 21016 39092
346 21253 40144
347 21487 39617
348 19645 39758
349 20825 40112
350 21619 40597
351 21855 39771
352 21033 41347
353 21298 41124
354 21308 41900
355 21880 42514
356 20428 40618
357 22126 41583
358 22364 42425
359 22599 41887
360 21511 42158
361 22726 43149
362 22738 43364
363 23449 43952
364 21578 45395
365 22882 44562
366 23594 44049
367 23599 45031
368 22255 44912
369 24088 44521
370 24339 45855
371 24596 47099
372 22039 46409
373 24363 47366
374 24858 46740
375 24742 46763
376 22648 47262
377 25124 48728
378 25502 49264
379 25505 48156
380 23176 46682
381 25646 46342
382 25153 48977
383 25276 48823
384 22857 48320
385 26420 49309
386 26562 50222
387 26693 50487
388 24053 51349
389 26579 48660
390 26712 50527
391 26976 52044
392 24956 50283
393 26861 52286
394 26615 51153
395 27389 53009
396 25144 52660
397 27274 52080
398 27797 53172
399 28324 52725
400 25202 54098
401 28606 55164
402 28347 53801
403 28754 54756
404 25657 54428
405 28756 53614
406 29172 55641
407 29313 54455
408 25999 55986
409 29456 55070
410 29868 57545
411 29738 55898
412 27171 56894
413 29883 56991
414 30302 57815
415 30582 59584
416 27551 58464
417 30452 56485
418 30054 60037
419 30738 58857
420 28680 58106
421 30623 59011
422 31175 58255
423 31455 60283
424 28863 59876
425 31889 60361
426 32179 59902
427 32327 61082
428 28436 60423
429 31356 61648
430 32483 62767
431 32065 62110
432 28500 61587
433 32502 65352
434 33220 63455
435 33373 62970
436 29177 63248
437 32817 63387
438 33967 62603
439 34114 64879
440 29920 62968
441 34119 65458
442 34137 65427
443 34571 65210
444 30678 66378
445 34590 66930
446 34739 65547
447 35041 63450
448 30654 68068
449 35346 67256
450 35206 67523
451 35955 66829
452 32962 70324
453 35519 67648
454 35382 66615
455 36279 67448
456 32573 69533
457 36593 69169
458 36743 70273
459 36911 71947
460 30756 69762
461 36618 71160
462 37228 70388
463 37535 70217
464 32519 71033
465 37394 71642
466 37862 70663
467 38332 72017
468 34179 73452
469 37722 73334
470 38039 75131
471 38041 74575
472 34781 75615
473 38976 73832
474 39611 77782
475 39460 77159
476 34934 75068
477 39477 76864
478 39626 76552
479 39797 76036
480 33937 74734
481 38733 75455
482 39353 78713
483 40615 75596
484 37001 78925
485 41267 76798
486 41433 78461
487 41597 77833
488 37010 79148
489 42092 79131
490 42100 78543
491 42424 79251
492 37941 79705
493 42280 80227
494 42282 79627
495 42935 82461
496 37220 81110
497 42946 81404
498 43613 82827
499 43785 82537
500 38948 83282
501 43791 83760
502 44299 83834
503 44471 82499
504 38888 86060
505 44310 85404
506 44649 85713
507 44821 87601
508 40051 86072
509 45340 85058
510 45685 87807
511 45524 86749
512 40206 89424
513 45693 86006
514 46222 90137
515 46387 86150
516 41899 88757
517 46755 89970
518 47098 90263
519 47283 90885
520 40534 90210
521 47120 89212
522 46791 90748
523 47487 90469
524 41897 90126
525 46651 91640
526 48201 92007
527 48726 92117
528 41061 91649
529 48216 89864
530 48571 94055
531 48934 94751
532 43341 94505
533 49126 94766
534 49837 92943
535 50192 97811
536 41931 95984
537 50011 97883
538 50568 97377
539 50752 97874
540 44337 96030
541 50772 97512
542 50778 96575
543 51499 99625
544 46012 99481
545 52057 99252
546 52240 100465
547 52431 100252
548 42879 98894
549 52250 103149
550 52808 101819
551 52459 99827
552 46619 100396
553 53014 98540
554 53207 103404
555 53767 104355
556 46468 103396
557 53963 103552
558 54154 103584
559 54150 105023
560 47766 102374
561 54916 102968
562 54918 107175
563 55481 103205
564 47848 105055
565 55314 107504
566 55505 109477
567 55891 107466
568 48118 105205
569 56082 107613
570 56659 108744
571 57041 107711
572 49719 114061
573 56490 108685
574 57438 109763
575 57830 109502
576 48372 110351
577 58036 108360
578 58429 110369
579 58433 110800
580 50718 112320
581 58068 112254
582 59021 112327
583 58840 113159
584 52610 115403
585 59433 114806
586 60021 113749
587 60036 114617
588 49914 114959
589 60048 115678
590 60441 116180
591 61030 116645
592 50552 116010
593 60848 114944
594 61057 117721
595 61657 118435
596 50826 119210
597 62064 120009
598 62267 119459
599 62676 119154
600 51802 120025
601 63081 118702
602 63092 124507
603 63499 120619
604 55471 120536
605 63709 122326
606 63911 122895
607 63923 120981
608 54720 120780
609 63328 119514
610 63746 124198
611 64351 124616
612 54957 128209
613 64971 121369
614 65184 127158
615 65998 123260
616 55913 128087
617 65400 124345
618 65207 126405
619 66438 129425
620 56510 126280
621 66658 128692
622 66662 129805
623 67485 130426
624 59086 126669
625 68121 131262
626 67922 128855
627 68549 132385
628 59877 130465
629 68343 129078
630 68563 132919
631 69192 133363
632 58265 132272
633 69839 136090
634 69643 134762
635 69648 134420
636 58315 133647
637 70075 135476
638 70074 138468
639 70714 133284
640 58748 136440
641 71155 135900
642 71372 139551
643 72024 137163
644 58664 138396
645 71401 135871
646 72474 139971
647 72908 139355
648 61197 140609
649 71225 141115
650 72509 140260
651 73151 140802
652 60927 144584
653 72737 143378
654 73393 142145
655 74256 142451
656 62611 137753
657 74490 142757
658 74918 141617
659 75152 144197
660 61452 140759
661 74735 143642
662 75394 146516
663 75838 145921
664 63368 146229
665 75632 148710
666 76737 144955
667 77402 147937
668 63297 149883
669 76984 149209
670 78091 149149
671 78089 148574
672 65103 150726
673 77664 150871
674 78339 150879
675 78571 150602
676 66700 152906
677 77257 150673
678 78591 151133
679 79933 155463
680 66060 151862
681 80406 154923
682 80414 153047
683 80872 153505
684 66705 153914
685 80210 158296
686 81118 156189
687 81352 158408
688 67274 158810
689 82046 158086
690 82279 157399
691 82978 161291
692 68440 159516
693 82757 160807
694 83227 160359
695 83230 161615
696 66140 166112
697 83467 159220
698 84162 159601
699 84871 163523
700 69784 166902
701 83051 160232
702 84424 163751
703 84666 160641
704 71833 163484
705 86075 164964
706 86551 166555
707 86087 164860
708 71323 167973
709 86804 169498
710 87043 166849
711 87760 168094
712 72700 171276
713 88004 168831
714 88244 169259
715 88732 172055
716 71506 167772
717 89217 170510
718 89227 171537
719 89237 170893
720 74581 172270
721 88774 171732
722 89962 170035
723 90217 172175
724 74573 176866
725 90222 177531
726 91192 175237
727 91676 176901
728 78434 175506
729 91694 175238
730 92428 179165
731 92682 178940
732 78829 177030
733 91723 180810
734 92699 182519
735 91727 177686
736 73643 180474
737 92472 181535
738 92484 180992
739 94189 178520
740 74969 184287
741 94699 180424
742 95431 184263
743 95195 183926
744 78000 181512
745 96194 185337
746 96451 186317
747 96700 186638
748 78026 185981
749 96711 188549
750 96969 185245
751 97222 191211
752 80009 186693
753 96246 192550
754 97989 190014
755 98251 190815
756 81148 191487
757 98510 193896
758 98267 189011
759 99269 192586
760 84021 189860
761 100288 195287
762 100299 196355
763 100557 190648
764 81825 192891
765 100572 196928
766 101590 197371
767 101601 193381
768 83818 196683
769 101868 196125
770 102639 190566
771 102902 199737
772 85218 200105
773 103422 200628
774 103431 199918
775 103962 198895
776 83227 199566
777 102185 205656
778 104236 198151
779 105019 206717
780 81853 205358
781 105033 204475
782 105302 203819
783 105561 206357
784 85543 205811
785 106351 209858
786 106107 205877
787 106109 201568
788 86212 205274
789 106908 206820
790 105877 207649
791 107185 211990
792 85151 208650
793 106151 211432
794 107463 211522
795 108783 213479
796 91795 210212
797 108013 213408
798 108799 212847
799 109865 208902
800 84758 213078
801 110672 209744
802 110677 217823
803 111220 211569
804 88488 214346
805 111496 216813
806 110444 216364
807 111775 216652
808 88612 217784
809 112327 218991
810 112069 215717
811 112612 218980
812 93691 220556
813 112886 219114
814 112634 218419
815 114248 219433
816 92178 221722
817 113458 221266
818 114539 224137
819 113205 225515
820 91660 224241
821 115917 220394
822 116460 224180
823 116739 226221
824 95150 225951
825 116214 227313
826 117577 227634
827 118140 229531
828 91101 229890
829 118148 235104
830 118986 229139
831 118985 231607
832 93203 223012
833 116543 232099
834 117640 229678
835 119844 230557
836 94310 231383
837 120967 232296
838 121252 233893
839 121539 235814
840 99203 233629
841 120991 232922
842 122116 237552
843 122403 240970
844 99550 235321
845 122142 239100
846 123266 239166
847 123830 238818
848 96617 237126
849 122999 243553
850 124411 241783
851 123857 240351
852 97556 237013
853 124712 240492
854 124156 236859
855 124451 244021
856 98993 244251
857 123893 245037
858 124753 242825
859 125325 245901
860 97121 238946
861 127326 243459
862 127038 245956
863 127613 253239
864 102518 250786
865 127636 249177
866 128788 250923
867 129654 245114
868 98992 250310
869 130251 242811
870 130257 253820
871 130543 247513
872 105573 254775
873 131140 253320
874 131724 253054
875 131728 254692
876 104897 250472
877 132031 257164
878 132329 257749
879 132914 260245
880 104508 260252
881 132639 260048
882 132645 254030
883 134106 260213
884 100081 260054
885 132670 256590
886 133840 262465
887 134138 260085
888 106748 264820
889 134731 263470
890 136219 262699
891 136513 262394
892 102956 265106
893 134468 260136
894 137418 261574
895 136831 269526
896 106646 268986
897 135668 267301
898 137153 269359
899 138646 266738
900 107684 274712
901 139554 271731
902 139259 269691
903 140164 277708
904 109053 272796
905 138692 268518
906 140791 272101
907 140795 273505
908 109939 271680
909 142009 270520
910 142319 277195
911 142630 279043
912 108157 274463
913 142333 281704
914 142945 276534
915 143259 280070
916 112808 279388
917 144188 279253
918 143887 279752
919 143595 287819
920 115084 284352
921 144511 280552
922 145435 284591
923 146356 281149
924 111302 282292
925 146359 283778
926 147297 284807
927 147300 287773
928 115816 286486
929 147313 284180
930 148250 286657
931 148874 289578
932 113286 287754
933 148575 290430
934 147968 291853
935 150136 293425
936 114949 292042
937 149219 288726
938 150455 288939
939 151404 295246
940 112186 295738
941 151414 295178
942 151417 297421
943 150496 296344
944 121904 302248
945 152058 297100
946 152378 295778
947 153965 296746
948 123987 298686
949 154593 297339
950 154923 295385
951 155245 297629
952 114678 307648
953 155887 301763
954 155574 308907
955 156847 300960
956 118873 305178
957 155914 300673
958 156548 306533
959 156554 307813
960 118962 309376
961 156890 308532
962 158486 303011
963 157857 311957
964 122663 310867
965 159143 308878
966 158824 309292
967 160441 314077
968 124745 318442
969 157276 314200
970 159491 315441
971 160780 321498
972 123507 314127
973 162402 320636
974 162403 314985
975 163065 314138
976 122899 323915
977 162101 317873
978 163079 322956
979 163414 318063
980 124026 320380
981 165050 320506
982 165382 318491
983 165389 325194
984 129206 323920
985 166054 319229
986 166383 325679
987 167371 322310
988 122557 325635
989 166407 323000
990 166413 333483
991 168049 326367
992 127509 329992
993 167410 331684
994 168076 322641
995 169728 331178
996 128917 326940
997 169741 329734
998 170402 327645
999 171076 328712
1000 126670 334102
1001 171750 343010
1002 172093 341007
1003 172431 330903
1004 127945 334252
1005 171446 338926
1006 173106 331605
1007 173113 334429
1008 128377 333621
1009 174133 340627
1010 172807 334805
1011 174812 338717
1012 132775 336988
1013 173150 343172
1014 175506 339530
1015 175835 339412
1016 133793 342398
1017 176196 340125
1018 175861 341473
1019 176877 355689
1020 136692 340492
1021 177903 345173
1022 178926 343579
1023 178592 351293
1024 131963 353366
1025 179970 343186
1026 180662 357729
1027 180668 352131
1028 139764 346779
1029 180342 348348
1030 182057 348225
1031 182412 354197
1032 134319 354506
1033 182080 355394
1034 182091 353599
1035 181759 350282
1036 139709 347773
1037 183827 360172
1038 184176 357284
1039 185223 359985
1040 136323 358697
1041 185580 359322
1042 185938 363527
1043 186633 361088
1044 140145 358090
1045 186307 362776
1046 187357 360630
1047 188060 365435
1048 142912 366870
1049 186679 365542
1050 188080 367249
1051 189135 368683
1052 144251 368564
1053 189844 369006
1054 190559 368038
1055 190564 369755
1056 140257 367370
1057 191281 376917
1058 191292 368879
1059 192344 372361
1060 139256 372512
1061 192372 377029
1062 193431 379489
1063 193450 374573
1064 143458 374576
1065 192053 374720
1066 192413 368803
1067 194182 376867
1068 146214 381922
1069 194546 377130
1070 195622 388455
1071 195626 383359
1072 144336 383604
1073 195994 383862
1074 197071 392861
1075 196367 382383
1076 145594 386397
1077 196736 388667
1078 197821 386299
1079 198538 379674
1080 149309 383180
1081 194660 391888
1082 198561 380764
1083 200716 395900
1084 146393 397158
1085 201451 392110
1086 201108 389770
1087 201823 393387
1088 149530 394683
1089 202198 399060
1090 203295 396434
1091 203303 398245
1092 151124 396920
1093 202239 392537
1094 204054 398611
1095 205150 405563
1096 148289 392216
1097 204433 402056
1098 205534 408218
1099 207006 398682
1100 148181 404698
1101 206292 402443
1102 205201 403091
1103 205208 409849
1104 148526 404226
1105 206321 410812
1106 207786 410111
1107 208888 408665
1108 153834 407386
1109 210755 406740
1110 211122 412038
1111 211496 413493
1112 153989 412964
1113 211517 409534
1114 211153 409848
1115 212641 408477
1116 158894 417448
1117 211552 422907
1118 211928 422273
1119 214151 417115
1120 153550 424357
1121 214160 408766
1122 214547 422896
1123 215297 433241
1124 156120 420239
1125 216430 416996
1126 216447 416675
1127 217193 415760
1128 161667 423643
1129 216085 419039
1130 217592 422433
1131 218730 424869
1132 161637 430266
1133 219118 424946
1134 219872 431937
1135 220245 423299
1136 158942 429971
1137 217650 435452
1138 219535 433120
1139 222181 435944
1140 164569 424361
1141 221432 437021
1142 222959 434085
1143 222965 431458
1144 155164 424860
1145 222228 430006
1146 224503 437292
1147 224512 442277
1148 159878 443260
1149 223772 447523
1150 223775 445855
1151 224922 442429
1152 158950 452794
1153 224946 448255
1154 225714 438573
1155 226853 433603
1156 163857 444150
1157 228800 450021
1158 228803 448407
1159 228809 446953
1160 161782 448639
1161 229980 449471
1162 229605 447903
1163 230765 448815
1164 170006 447419
1165 229244 456937
1166 230401 455526
1167 232348 450283
1168 168737 451209
1169 230046 456901
1170 229290 448399
1171 234703 460467
1172 169790 459532
1173 235500 450807
1174 234731 457987
1175 235902 465336
1176 170053 458217
1177 236306 461294
1178 236317 454675
1179 237881 461119
1180 164905 458101
1181 237906 459458
1182 237912 467153
1183 239487 469798
1184 171365 464418
1185 238711 471598
1186 239121 463607
1187 240708 465207
1188 169708 470719
1189 241896 472620
1190 242302 473956
1191 242315 476437
1192 176800 471744
1193 240741 471603
1194 241544 470401
1195 243131 468821
1196 182201 477843
1197 243138 488330
1198 243559 480636
1199 245540 478457
1200 177401 478611
1201 245165 485715
1202 245569 483229
1203 246769 475329
1204 177454 478335
1205 248384 496357
1206 248395 490272
1207 249206 484503
1208 175117 482602
1209 246419 486927
1210 249628 487114
1211 250834 487733
1212 186691 494124
1213 251259 488127
1214 252064 487211
1215 252484 489131
1216 174717 488788
1217 250877 492273
1218 251692 488583
1219 250902 504229
1220 184905 491764
1221 254547 498020
1222 255369 499924
1223 254566 504349
1224 184544 499970
1225 255391 502519
1226 257028 493525
1227 257453 500331
1228 183872 498760
1229 257048 500936
1230 258686 497421
1231 258695 506875
1232 185934 507926
1233 255457 505736
1234 259531 505947
1235 260775 513365
1236 178635 509037
1237 260792 500762
1238 260386 506795
1239 262442 509042
1240 183833 513110
1241 261220 504381
1242 261229 518197
1243 259199 520150
1244 186138 518516
1245 263314 516867
1246 263309 521057
1247 264572 503899
1248 188070 530134
1249 266650 521856
1250 266660 523221
1251 267074 516379
1252 187469 520610
1253 263386 523878
1254 265861 509219
1255 267121 522995
1256 193522 519663
1257 267547 533950
1258 266299 517493
1259 269634 527102
1260 187930 524402
1261 267988 529856
1262 271343 530825
1263 272177 537953
1264 187727 535954
1265 270937 533877
1266 273457 530105
1267 273884 532918
1268 192561 530266
1269 273059 533904
1270 274755 542954
1271 275600 539331
1272 188026 534844
1273 274760 544941
1274 274790 538661
1275 277742 544027
1276 194740 544513
1277 276487 544544
1278 277766 540741
1279 278620 546352
1280 196665 554133
1281 273588 550759
1282 279502 547686
1283 278655 546696
1284 194097 548520
1285 280373 550667
1286 281662 542549
1287 282516 556380
1288 197895 550227
1289 283388 557241
1290 284257 557265
1291 284696 549581
1292 195822 553212
1293 285130 546973
1294 285146 557731
1295 286438 560832
1296 200823 553623
1297 286026 558442
1298 287758 562967
1299 288195 564601
1300 205390 562208
1301 287351 557936
1302 288657 565595
1303 289521 560385
1304 207175 568437
1305 289103 572024
1306 291283 557379
1307 291728 562260
1308 202093 573658
1309 289559 568543
1310 291742 574281
1311 292186 578275
1312 204589 570286
1313 291771 566924
1314 293946 570165
1315 294393 575991
1316 196024 580252
1317 295287 582572
1318 295726 579465
1319 296177 574539
1320 204039 582664
1321 296191 583774
1322 297952 585107
1323 298841 581135
1324 214604 571980
1325 297971 572507
1326 297542 573498
1327 299753 594563
1328 201436 588667
1329 299769 577706
1330 300653 584819
1331 299783 583443
1332 210331 592758
1333 300241 600246
1334 301126 592271
1335 301573 595471
1336 213890 586552
1337 301140 602970
1338 303353 597118
1339 303378 607752
1340 222343 594213
1341 303833 594816
1342 306057 598083
1343 306514 593481
1344 215665 593609
1345 308311 592412
1346 307418 604173
1347 308779 600041
1348 221395 602961
1349 310132 614433
1350 310145 618345
1351 310590 599387
1352 211309 602964
1353 310164 604630
1354 312419 611400
1355 312872 611874
1356 218206 613682
1357 312440 610712
1358 311996 599576
1359 314259 616919
1360 212036 613932
1361 313809 611480
1362 315179 618142
1363 316545 623298
1364 212319 618950
1365 317005 625892
1366 317468 631195
1367 318837 618190
1368 211061 631025
1369 319301 615793
1370 320231 621149
1371 320683 618411
1372 212298 629526
1373 318885 629484
1374 321164 624661
1375 321617 637725
1376 219520 634972
1377 322554 630250
1378 322105 626286
1379 323029 624908
1380 222547 634065
1381 324872 638681
1382 324434 624041
1383 325360 634377
1384 225024 643092
1385 325823 639248
1386 325818 641671
1387 326299 641894
1388 222429 643987
1389 326767 648208
1390 328162 646294
1391 328617 652879
1392 227561 639954
1393 328644 642190
1394 329115 636551
1395 331438 633982
1396 226529 647945
1397 329134 643739
1398 331463 638217
1399 333320 651563
1400 230881 650827
1401 333326 650458
1402 333807 660820
1403 334740 658479
1404 226396 660608
1405 334280 660312
1406 335227 654454
1407 335699 660581
1408 231792 668115
1409 338518 663803
1410 338059 659151
1411 339479 665079
1412 232738 663620
1413 336683 663718
1414 338075 660274
1415 339030 664667
1416 232113 661552
1417 340936 665890
1418 342342 661856
1419 342356 670951
1420 233666 677294
1421 342369 676874
1422 344269 683131
1423 344749 676349
1424 235437 681550
1425 344760 681774
1426 346668 668124
1427 347145 681899
1428 225171 684180
1429 342907 674548
1430 344798 675982
1431 349070 686729
1432 230683 678590
1433 348133 682944
1434 347189 697861
1435 350529 690606
1436 233279 691061
1437 348647 684553
1438 350548 696751
1439 351993 679795
1440 232778 698066
1441 352481 694787
1442 354407 685967
1443 354890 692090
1444 247544 697046
1445 352518 703690
1446 353478 697044
1447 356352 695261
1448 240943 707272
1449 354935 693824
1450 353037 695161
1451 358797 693925
1452 233500 702171
1453 359295 698732
1454 358821 690691
1455 360277 703182
1456 238165 708073
1457 359325 708572
1458 361755 705323
1459 361266 712231
1460 238643 710051
1461 362255 702897
1462 363722 713893
1463 364217 712378
1464 234785 722168
1465 363262 716974
1466 363268 722087
1467 365707 711112
1468 245717 720251
1469 365222 721218
1470 367671 724844
1471 367672 721405
1472 247544 732133
1473 366702 722671
1474 369172 722373
1475 370645 719781
1476 245611 709154
1477 368710 721892
1478 371645 726111
1479 371648 725704
1480 244467 718970
1481 370693 712730
1482 373637 727627
1483 373159 741864
1484 254077 738798
1485 370236 742454
1486 374660 738103
1487 375649 744637
1488 253970 736180
1489 377151 751695
1490 377157 737070
1491 377667 741229
1492 250277 735410
1493 378667 736286
1494 379169 752836
1495 380158 742076
1496 249716 745244
1497 380182 755069
1498 379689 758932
1499 381687 753837
1500 254800 756219
1501 382195 749315
1502 382202 759864
1503 383709 751479
1504 255419 751876
1505 384721 752534
1506 385229 757377
1507 386236 763599
1508 252198 752635
1509 387758 750897
1510 388260 755479
1511 387770 762219
1512 256561 767574
1513 386269 759526
1514 387292 754569
1515 388787 768401
1516 253575 768661
1517 389317 758135
1518 390830 770756
1519 392344 764263
1520 260945 772028
1521 392864 770847
1522 394398 762941
1523 394392 783767
1524 258694 768779
1525 394920 764771
1526 395931 766124
1527 396445 781660
1528 268875 780455
1529 395970 785898
1530 396470 782113
1531 397001 780890
1532 260724 787643
1533 399036 785762
1534 398536 784997
1535 399556 777436
1536 267711 777258
1537 402120 777304
1538 402650 792830
1539 403163 794262
1540 259856 786100
1541 402161 788570
1542 403697 796596
1543 404734 796562
1544 266307 795322
1545 403216 792684
1546 403733 794018
1547 406819 794380
1548 267317 796500
1549 408379 803882
1550 406836 813051
1551 409424 809947
1552 272169 792521
1553 406351 798972
1554 409450 808507
1555 409976 814389
1556 267446 806762
1557 408429 800968
1558 412583 811222
1559 413624 811775
1560 270172 808751
1561 412084 811126
1562 413640 809849
1563 415210 818085
1564 272337 824562
1565 415754 820595
1566 416788 809887
1567 416282 821638
1568 266015 818351
1569 417336 823342
1570 416293 817912
1571 419443 819421
1572 278981 811143
1573 419457 829284
1574 421564 813763
1575 421040 840130
1576 274958 828680
1577 418447 818987
1578 423156 835631
1579 422640 823857
1580 273775 825023
1581 424757 827414
1582 425284 830377
1583 425297 836431
1584 276315 831118
1585 425312 821504
1586 426895 834235
1587 427422 835508
1588 270605 832560
1589 425860 836511
1590 430089 846252
1591 428518 846306
1592 283621 850038
1593 430107 844279
1594 428013 844489
1595 431717 856159
1596 284928 850828
1597 432784 845308
1598 433333 851079
1599 434932 857735
1600 278062 855606
1601 433876 843052
1602 433894 854615
1603 436026 846846
1604 283752 847753
1605 437102 863338
1606 437640 860670
1607 438720 864878
1608 278334 855682
1609 438732 855496
1610 440883 848301
1611 440897 872623
1612 276018 858212
1613 436639 857036
1614 438769 867913
1615 442523 869989
1616 280467 869726
1617 444682 869820
1618 445242 888933
1619 445785 877799
1620 290973 873566
1621 445259 868696
1622 445271 878730
1623 447421 885310
1624 285854 880280
1625 446902 879960
1626 446906 884845
1627 450152 890543
1628 292141 887386
1629 448553 871985
1630 450182 874542
1631 452352 888837
1632 292498 890006
1633 453449 873942
1634 452925 882051
1635 454561 878441
1636 296820 888020
1637 454572 885871
1638 454038 883669
1639 455678 902581
1640 286259 890202
1641 455139 890232
1642 452972 900948
1643 457331 906932
1644 295902 898000
1645 455712 894760
1646 458996 913250
1647 460631 902552
1648 287924 905100
1649 462305 898386
1650 462859 919563
1651 463420 903663
1652 299431 901810
1653 463424 917736
1654 464532 908297
1655 465082 912813
1656 290123 919366
1657 466202 922627
1658 466217 908234
1659 466763 920785
1660 289564 914908
1661 468444 911149
1662 466234 913449
1663 467337 928081
1664 295246 910887
1665 465163 925779
1666 466820 920769
1667 471246 929741
1668 301721 933286
1669 472377 922880
1670 470723 929509
1671 474056 947657
1672 312571 940298
1673 472393 914796
1674 473508 923384
1675 476869 933891
1676 296881 939039
1677 476877 931504
1678 476887 935948
1679 478575 931630
1680 289411 935368
1681 479152 931843
1682 479148 925779
1683 481387 941993
1684 305325 947419
1685 481411 945241
1686 481976 944232
1687 480300 943799
1688 306372 947032
1689 481992 949442
1690 484251 943398
1691 485381 961289
1692 291056 955475
1693 485394 949899
1694 486516 959411
1695 488212 962537
1696 305908 961870
1697 486536 946039
1698 489940 946856
1699 490519 967963
1700 302013 958529
1701 490517 959376
1702 489405 966695
1703 491666 973977
1704 316260 970968
1705 493382 966958
1706 494525 967680
1707 493962 976880
1708 309534 975535
1709 493974 966157
1710 496237 965484
1711 496827 988002
1712 323393 969822
1713 497424 971794
1714 496853 992467
1715 497419 986686
1716 318237 976915
1717 500870 983384
1718 501443 977583
1719 502016 973309
1720 316034 985638
1721 501455 993366
1722 501460 1000687
1723 502618 999292
1724 317567 986920
1725 504912 987626
1726 504355 990307
1727 506083 989093
1728 326458 996948
1729 506095 1018104
1730 506111 1002973
1731 508991 1008329
1732 314446 1001034
1733 509579 1010771
1734 510173 991580
1735 511328 1009666
1736 317855 1002190
1737 511339 1008507
1738 511928 1007248
1739 511930 1015090
1740 321768 1019184
1741 513090 1013592
1742 515432 1012011
1743 514857 1010331
1744 314795 1013393
1745 515433 1015822
1746 515454 1034121
1747 517197 1013578
1748 323837 1021908
1749 519540 1021254
1750 520136 1033080
1751 520711 1022357
1752 325888 1010719
1753 517819 1022880
1754 521321 1012531
1755 518997 1022262
1756 321909 1020798
1757 514955 1032313
1758 522511 1026326
1759 524266 1040220
1760 325902 1025481
1761 524871 1022343
1762 524866 1033571
1763 527218 1041577
1764 331504 1039171
1765 527235 1032410
1766 526089 1040189
1767 527840 1022849
1768 329119 1043156
1769 530784 1027646
1770 530792 1029919
1771 531399 1038522
1772 334257 1052584
1773 531406 1042613
1774 532001 1054625
1775 532593 1060218
1776 325209 1055929
1777 532026 1052360
1778 530861 1045856
1779 533811 1057305
1780 332975 1049838
1781 533222 1064842
1782 535587 1049211
1783 537381 1057833
1784 335795 1065124
1785 537977 1060641
1786 537393 1068912
1787 539173 1052241
1788 334743 1063697
1789 543352 1067935
1790 542766 1069859
1791 544554 1070055
1792 341964 1061682
1793 545168 1075002
1794 546373 1062191
1795 544593 1076645
1796 335423 1076392
1797 547584 1100291
1798 546387 1089861
1799 548787 1075723
1800 341543 1080536
1801 548805 1074050
1802 548815 1080602
1803 551818 1091265
1804 333405 1079542
1805 550635 1080808
1806 551248 1089517
1807 551249 1078705
1808 344315 1080202
1809 548284 1086992
1810 549497 1087821
1811 553680 1080320
1812 340711 1089494
1813 556710 1099877
1814 556699 1102353
1815 557926 1098073
1816 339196 1086890
1817 557928 1113624
1818 560362 1111465
1819 560976 1104095
1820 344939 1113196
1821 561584 1105072
1822 563414 1098627
1823 564033 1117257
1824 338858 1098670
1825 564025 1099248
1826 564046 1113989
1827 565276 1109919
1828 344145 1129676
1829 566497 1087547
1830 566504 1119184
1831 567122 1107718
1832 339997 1131639
1833 567747 1116067
1834 567754 1110597
1835 569582 1118931
1836 340392 1108852
1837 568997 1116866
1838 571438 1123777
1839 573888 1110377
1840 355096 1125983
1841 565392 1123319
1842 570860 1126130
1843 574540 1126325
1844 352526 1145040
1845 574539 1137997
1846 575781 1132749
1847 576389 1133997
1848 349638 1146418
1849 576410 1131395
1850 580095 1127597
1851 580726 1133796
1852 346475 1143841
1853 578891 1141628
1854 581957 1136243
1855 581981 1136089
1856 352408 1144796
1857 584455 1145885
1858 585084 1146719
1859 585706 1152405
1860 350028 1170127
1861 585112 1164551
1862 586353 1149283
1863 588223 1161466
1864 360340 1169894
1865 586992 1164459
1866 587629 1162787
1867 591345 1155113
1868 357200 1162698
1869 590131 1174115
1870 590753 1163940
1871 592620 1153150
1872 356518 1178990
1873 590158 1191017
1874 591391 1175737
1875 592655 1172598
1876 359287 1171083
1877 594523 1167078
1878 596404 1163358
1879 596422 1175602
1880 363744 1151794
1881 597055 1184886
1882 599562 1189127
1883 601446 1173418
1884 359554 1198094
1885 600203 1181247
1886 599571 1190827
1887 602720 1183738
1888 366382 1209012
1889 600852 1188030
1890 600244 1194089
1891 600250 1190593
1892 353191 1191958
1893 605280 1194915
1894 607799 1196895
1895 608431 1187377
1896 367698 1214584
1897 607831 1189872
1898 606577 1190055
1899 609715 1189677
1900 365660 1209091
1901 610997 1198220
1902 612910 1205145
1903 614170 1203788
1904 373260 1216115
1905 614819 1201902
1906 616108 1206795
1907 616107 1208167
1908 375900 1223431
1909 616745 1215742
1910 616764 1204392
1911 619303 1220433
1912 369839 1225122
1913 618678 1229928
1914 619963 1202927
1915 621243 1220588
1916 360819 1225291
1917 622536 1208382
1918 619988 1215274
1919 623811 1217937
1920 371802 1234097
1921 622544 1216526
1922 626394 1232795
1923 624478 1230790
1924 372701 1242562
1925 627692 1229364
1926 625783 1232523
1927 628352 1245731
1928 374327 1245046
1929 630940 1242196
1930 631578 1240493
1931 631584 1251517
1932 377270 1253878
1933 632883 1228759
1934 634179 1249161
1935 634829 1249776
1936 389664 1238596
1937 635492 1237064
1938 636795 1263019
1939 637444 1250465
1940 377091 1247064
1941 635513 1240656
1942 638106 1267230
1943 636812 1249485
1944 378921 1253059
1945 638124 1259336
1946 637489 1274148
1947 642671 1270467
1948 391699 1252634
1949 639440 1257169
1950 642691 1277509
1951 643981 1268868
1952 386613 1255535
1953 643357 1268608
1954 642066 1266558
1955 647263 1265900
1956 382665 1272678
1957 646630 1269901
1958 648590 1263352
1959 648588 1287327
1960 387462 1277495
1961 651876 1289085
1962 652519 1277763
1963 653181 1283965
1964 376608 1296284
1965 653196 1301370
1966 654509 1295353
1967 655174 1281399
1968 393107 1280496
1969 652564 1283634
1970 653880 1299777
1971 654555 1290358
1972 385331 1303486
1973 659798 1280032
1974 659807 1300720
1975 661122 1299695
1976 382104 1303826
1977 659174 1294756
1978 662464 1299091
1979 663129 1314802
1980 388273 1316129
1981 663142 1313899
1982 663139 1297937
1983 663143 1304397
1984 404275 1300863
1985 665139 1296268
1986 667782 1308933
1987 667128 1314545
1988 388829 1327740
1989 668476 1314651
1990 669800 1321671
1991 670462 1324163
1992 392245 1313892
1993 673128 1326176
1994 673793 1322501
1995 674482 1329715
1996 396124 1326632
1997 674487 1348966
1998 675811 1328347
1999 676499 1311674
2000 391211 1339789
2001 677163 1347510
2002 676510 1331859
2003 677180 1333600
2004 405091 1325442
2005 679847 1334754
2006 678530 1334711
2007 681200 1350933
2008 397330 1341941
2009 681885 1347079
2010 684562 1351095
2011 683900 1343138
2012 403401 1347739
2013 684578 1345515
2014 686585 1347275
2015 687955 1382207
2016 407500 1355097
2017 685947 1368094
2018 687295 1344873
2019 689983 1341368
2020 403338 1359248
2021 689998 1362917
2022 691346 1367959
2023 692030 1361861
2024 399310 1355210
2025 694059 1364042
2026 695410 1385601
2027 695418 1388525
2028 405188 1371709
2029 690729 1373374
2030 695439 1378214
2031 697474 1370194
2032 400277 1376408
2033 698152 1379875
2034 700193 1373579
2035 701556 1376711
2036 417833 1360415
2037 702243 1385267
2038 703612 1389635
2039 702950 1392385
2040 412605 1388968
2041 701590 1388894
2042 702955 1390363
2043 705670 1373435
2044 421086 1406403
2045 707046 1404170
2046 709096 1394031
2047 709769 1395809
2048 418697 1383402
2049 709108 1402215
2050 710485 1398741
2051 711190 1391751
2052 414148 1412448
2053 711881 1415066
2054 712578 1411353
2055 713948 1403291
2056 423672 1389991
2057 712589 1436005
2058 714653 1396848
2059 714655 1425549
2060 421026 1421421
2061 718107 1426790
2062 719484 1424387
2063 720853 1409294
2064 420038 1425641
2065 721551 1432746
2066 722265 1427471
2067 723638 1410486
2068 422271 1408669
2069 720911 1419521
2070 722985 1437281
2071 722310 1425569
2072 410548 1409235
2073 721640 1436013
2074 727165 1437538
2075 725780 1432330
2076 421700 1428803
2077 729241 1439740
2078 730637 1417713
2079 732033 1446981
2080 425648 1428462
2081 730660 1445612
2082 732742 1454951
2083 734144 1449348
2084 417858 1427408
2085 735549 1436263
2086 736942 1449463
2087 736955 1451063
2088 424419 1443092
2089 737660 1444843
2090 739751 1465698
2091 740461 1462191
2092 423405 1452354
2093 736995 1449500
2094 733557 1464499
2095 737714 1459943
2096 422891 1476198
2097 736339 1454828
2098 741208 1472240
2099 746108 1485904
2100 432239 1457520
2101 746802 1476747
2102 748237 1474878
2103 748240 1482265
2104 430768 1475420
2105 747542 1468508
2106 747563 1476473
2107 750354 1464619
2108 424701 1477336
2109 748974 1471394
2110 748299 1490253
2111 753902 1478700
2112 425940 1487363
2113 753210 1487261
2114 753928 1479944
2115 757466 1491745
2116 433498 1473875
2117 756767 1477054
2118 758184 1498635
2119 758894 1472147
2120 438029 1502132
2121 758916 1499576
2122 761035 1521449
2123 763164 1516502
2124 432561 1507076
2125 761761 1513493
2126 762480 1517530
2127 766032 1499539
2128 425385 1509643
2129 758288 1514202
2130 762517 1512967
2131 763946 1509055
2132 440127 1509972
2133 769627 1523074
2134 770342 1540050
2135 770337 1531067
2136 437376 1504009
2137 771779 1525568
2138 770377 1500375
2139 774645 1528118
2140 436364 1531682
2141 774670 1509202
2142 776817 1541524
2143 777535 1539341
2144 446718 1536866
2145 774690 1536662
2146 779698 1526507
2147 780418 1545415
2148 442511 1542748
2149 781148 1538944
2150 782591 1552379
2151 783303 1544185
2152 453880 1532081
2153 784755 1563280
2154 784756 1548863
2155 783347 1530911
2156 440044 1556943
2157 786939 1556510
2158 786962 1542781
2159 787675 1567347
2160 454646 1561172
2161 788418 1556808
2162 789136 1560571
2163 790585 1549674
2164 456056 1569032
2165 789156 1551766
2166 791326 1573655
2167 794214 1556331
2168 445778 1542875
2169 792074 1559024
2170 793517 1595664
2171 794963 1574386
2172 442977 1579966
2173 796432 1576764
2174 795712 1549912
2175 799328 1588241
2176 445999 1584827
2177 790000 1587792
2178 796463 1595981
2179 801538 1589514
2180 440796 1573442
2181 800823 1583454
2182 804459 1594193
2183 803742 1593957
2184 462500 1589932
2185 803042 1587923
2186 808127 1594128
2187 809597 1578251
2188 449005 1600228
2189 809600 1603416
2190 811082 1586521
2191 812535 1601488
2192 458054 1589394
2193 809645 1595058
2194 810379 1606278
2195 813304 1608309
2196 455489 1611566
2197 813312 1605458
2198 816980 1605593
2199 818441 1615351
2200 469049 1605346
2201 818460 1599936
2202 819216 1617169
2203 819229 1598953
2204 456365 1606435
2205 821433 1615693
2206 819972 1624075
2207 821453 1629321
2208 468605 1615438
2209 824400 1639884
2210 825140 1633567
2211 827345 1627283
2212 462878 1628616
2213 827369 1633872
2214 827374 1638137
2215 830334 1638621
2216 467859 1634196
2217 826662 1662068
2218 830360 1635029
2219 831833 1655601
2220 465029 1650812
2221 834087 1647954
2222 831856 1657890
2223 834824 1647579
2224 469842 1657205
2225 836321 1649702
2226 837076 1630233
2227 839299 1679844
2228 473454 1645504
2229 839313 1652352
2230 840814 1647631
2231 841562 1668652
2232 463211 1672833
2233 843810 1695729
2234 843064 1640827
2235 843825 1648686
2236 474171 1691031
2237 845325 1654919
2238 845331 1671703
2239 846083 1671257
2240 477371 1653367
2241 845356 1669877
2242 846122 1689731
2243 849098 1681556
2244 476000 1671286
2245 851350 1684944
2246 852845 1671945
2247 852112 1666840
2248 473050 1693858
2249 849899 1691081
2250 853635 1692999
2251 853645 1683009
2252 466052 1668928
2253 857395 1711080
2254 857409 1726309
2255 859660 1688083
2256 479562 1693377
2257 860443 1699750
2258 861174 1713879
2259 862688 1706557
2260 473293 1724334
2261 861202 1722168
2262 864223 1717458
2263 861986 1698610
2264 488846 1711147
2265 864996 1721942
2266 868773 1722871
2267 868794 1694684
2268 482871 1697889
2269 871061 1709199
2270 871075 1709459
2271 869575 1707111
2272 484205 1714824
2273 874120 1720895
2274 874123 1722542
2275 874135 1736016
2276 481167 1707946
2277 871882 1739428
2278 871884 1715661
2279 874177 1739443
2280 489313 1729416
2281 877954 1730106
2282 879496 1740413
2283 881797 1742195
2284 492721 1751502
2285 879512 1718840
2286 880285 1739700
2287 881797 1732249
2288 490779 1768007
2289 885616 1754874
2290 887169 1738964
2291 887935 1757267
2292 493337 1773716
2293 884904 1751148
2294 887960 1766218
2295 889497 1771871
2296 490954 1733338
2297 887975 1769940
2298 891033 1748945
2299 891806 1751831
2300 503969 1757785
2301 894115 1765425
2302 894892 1772705
2303 897201 1773931
2304 499052 1767768
2305 894916 1785543
2306 888073 1780990
2307 894931 1770853
2308 487326 1747580
2309 899547 1793142
2310 898794 1777803
2311 903412 1785495
2312 500692 1777586
2313 898813 1788772
2314 903423 1787201
2315 904984 1791112
2316 496528 1790277
2317 904240 1790799
2318 906550 1802569
2319 909644 1803317
2320 509596 1793940
2321 901199 1783760
2322 908899 1804983
2323 907365 1806506
2324 510027 1795443
2325 911233 1803984
2326 913567 1808246
2327 915130 1799629
2328 490830 1812348
2329 915125 1817439
2330 917474 1788493
2331 919025 1795277
2332 496425 1806488
2333 915173 1820296
2334 919833 1806639
2335 921397 1818070
2336 496559 1814030
2337 923733 1811119
2338 922971 1833461
2339 924539 1819535
2340 504783 1818280
2341 923772 1813395
2342 925347 1820529
2343 927683 1819892
2344 521584 1820820
2345 930041 1828524
2346 929270 1815714
2347 931615 1846365
2348 506215 1829107
2349 924627 1818399
2350 929301 1848494
2351 926200 1821331
2352 507511 1850906
2353 934000 1820980
2354 937146 1838522
2355 937931 1851930
2356 517899 1862478
2357 936390 1835037
2358 939546 1848095
2359 939535 1841110
2360 506023 1844855
2361 936432 1871594
2362 935637 1852599
2363 938800 1878189
2364 515976 1840782
2365 943510 1856838
2366 939604 1856933
2367 941967 1848876
2368 513546 1861727
2369 942764 1893001
2370 947499 1874136
2371 945920 1857997
2372 513273 1866617
2373 952253 1853986
2374 953033 1883919
2375 953840 1873652
2376 518424 1885848
2377 953866 1910112
2378 953864 1879048
2379 954680 1904237
2380 522906 1898998
2381 954682 1896430
2382 957868 1857907
2383 957070 1889597
2384 527696 1895302
2385 960255 1881432
2386 959468 1908556
2387 963462 1917274
2388 513728 1925328
2389 961098 1900457
2390 960300 1913790
2391 958722 1878161
2392 523954 1879066
2393 965102 1900636
2394 964306 1895756
2395 967500 1900261
2396 523087 1922322
2397 968305 1910907
2398 970701 1911973
2399 973107 1924297
2400 523712 1928752
2401 965169 1939368
2402 972323 1930897
2403 974730 1928190
2404 539194 1944626
2405 977149 1923204
2406 977962 1931395
2407 979579 1928477
2408 530422 1935026
2409 980385 1926180
2410 978003 1917700
2411 982001 1951226
2412 526815 1948166
2413 979612 1935501
2414 983639 1926107
2415 986055 1954639
2416 516425 1951682
2417 982045 1933474
2418 984471 1944344
2419 989293 1940549
2420 537586 1979982
2421 986095 1971967
2422 983691 1962583
2423 989329 1971313
2424 530322 1978519
2425 993370 1969038
2426 990965 1989243
2427 993393 1970281
2428 547606 1976043
2429 997443 1966390
2430 996655 1989311
2431 999065 1949841
2432 529433 1984577
2433 1000718 1938856
2434 1000728 2011129
2435 1001541 1987369
2436 547478 1981205
2437 1003174 1950656
2438 1004812 1981733
2439 1004820 1977693
2440 538176 1996516
2441 1004826 1987742
2442 1007274 1974099
2443 1008094 1992572
2444 544340 1980779
2445 1010562 2001851
2446 1010562 1989186
2447 1010573 1980801
2448 544541 1991388
2449 1011400 2007863
2450 1011405 1999899
2451 1015489 1998077
2452 541958 1992687
2453 1010624 1987102
2454 1016325 1998275
2455 1016337 1998158
2456 536331 2008880
2457 1013100 2000366
2458 1016368 2015659
2459 1019633 1984479
2460 545995 2019168
2461 1017206 1998176
2462 1022935 1999980
2463 1023764 2053625
2464 556814 2050801
2465 1026234 2010638
2466 1027070 2032862
2467 1028711 2022468
2468 549790 2018200
2469 1030382 2005993
2470 1031198 2037975
2471 1032042 2046245
2472 554612 2056206
2473 1032885 2038918
2474 1032053 2027852
2475 1033705 2037281
2476 542537 2038522
2477 1032901 2051415
2478 1033733 2053164
2479 1037024 2034457
2480 546745 2030217
2481 1033772 2064544
2482 1037875 2034721
2483 1037892 2056701
2484 554218 2072457
2485 1042029 2050813
2486 1043703 2085756
2487 1045361 2063514
2488 560391 2047021
2489 1047043 2055352
2490 1045387 2065305
2491 1048713 2065301
2492 558116 2093885
2493 1047894 2079887
2494 1049564 2097119
2495 1050389 2070357
2496 557005 2091858
2497 1051233 2068392
2498 1052922 2068761
2499 1053752 2076649
2500 560642 2090447
2501 1056261 2075322
2502 1054597 2084431
2503 1057947 2081352
2504 554894 2077511
2505 1054631 2065940
2506 1052155 2075382
2507 1057153 2084323
2508 558596 2101436
2509 1058006 2105980
2510 1063003 2115057
2511 1064672 2106477
2512 553823 2097793
2513 1066364 2105242
2514 1066371 2087790
2515 1068059 2118638
2516 554957 2129885
2517 1066402 2107558
2518 1068079 2133116
2519 1072272 2091014
2520 561050 2112315
2521 1070603 2112175
2522 1073134 2107131
2523 1075662 2115602
2524 567169 2109128
2525 1070640 2145155
2526 1068147 2151781
2527 1074008 2122157
2528 565544 2136680
2529 1079062 2140811
2530 1077398 2130894
2531 1082459 2120757
2532 559181 2163342
2533 1078257 2135658
2534 1079108 2142036
2535 1079104 2135065
2536 583379 2133867
2537 1086709 2137162
2538 1087568 2166374
2539 1089269 2138151
2540 578101 2147470
2541 1090966 2135563
2542 1091826 2145208
2543 1091838 2157187
2544 573245 2176621
2545 1090150 2144790
2546 1091852 2160923
2547 1094411 2146373
2548 581790 2170013
2549 1093551 2166254
2550 1095263 2186776
2551 1094436 2136958
2552 574261 2183916
2553 1097828 2172469
2554 1100377 2151733
2555 1102949 2167784
2556 572610 2165251
2557 1101250 2203303
2558 1102973 2154922
2559 1105539 2161011
2560 585993 2197991
2561 1107257 2171870
2562 1108103 2204289
2563 1109830 2189381
2564 586059 2189013
2565 1110696 2199604
2566 1110692 2186865
2567 1113267 2173049
2568 591458 2174638
2569 1112433 2197774
2570 1113296 2214147
2571 1113301 2174503
2572 593904 2194250
2573 1118453 2244078
2574 1119324 2192895
2575 1120196 2179377
2576 590650 2197958
2577 1119351 2212046
2578 1120214 2229425
2579 1123649 2234027
2580 591398 2227670
2581 1119380 2206563
2582 1123683 2204666
2583 1124547 2196621
2584 604392 2223990
2585 1127989 2226412
2586 1129718 2220993
2587 1130590 2229043
2588 588023 2230052
2589 1129755 2252986
2590 1131481 2271039
2591 1132353 2232211
2592 589629 2220143
2593 1129794 2244653
2594 1130652 2233029
2595 1136696 2247603
2596 600698 2266863
2597 1135836 2256934
2598 1137594 2240920
2599 1140186 2229792
2600 595923 2246738
2601 1142808 2233068
2602 1139353 2262381
2603 1144553 2262868
2604 608209 2240670
2605 1143701 2277571
2606 1143704 2259887
2607 1146311 2281238
2608 598365 2264514
2609 1142873 2272918
2610 1147202 2280058
2611 1143758 2271377
2612 604388 2285467
2613 1148961 2291412
2614 1152454 2276497
2615 1154209 2288483
2616 602514 2300631
2617 1155091 2259460
2618 1155097 2270760
2619 1157709 2286812
2620 614167 2291628
2621 1158605 2303707
2622 1159485 2296920
2623 1161234 2310632
2624 589181 2298720
2625 1159504 2287053
2626 1161256 2288880
2627 1163012 2297189
2628 600507 2295686
2629 1164778 2298703
2630 1164785 2277397
2631 1166551 2311705
2632 612220 2319023
2633 1165699 2316016
2634 1168322 2297187
2635 1170076 2317045
2636 608268 2295548
2637 1169210 2303541
2638 1170985 2310658
2639 1175381 2360893
2640 622081 2336590
2641 1170141 2321672
2642 1174516 2330322
2643 1177155 2326239
2644 607973 2348513
2645 1171931 2330749
2646 1173694 2370770
2647 1178947 2334529
2648 607399 2367756
2649 1178076 2333788
2650 1186027 2317183
2651 1186026 2317557
2652 611373 2348484
2653 1185165 2354096
2654 1185177 2333111
2655 1190482 2339347
2656 602447 2338812
2657 1191381 2368506
2658 1192274 2368202
2659 1192288 2375381
2660 621870 2326985
2661 1194056 2369224
2662 1194969 2384891
2663 1196734 2373481
2664 614230 2377134
2665 1198526 2345298
2666 1199404 2393660
2667 1201209 2352881
2668 618602 2359090
2669 1198547 2379466
2670 1201228 2409085
2671 1204790 2395047
2672 607334 2350927
2673 1206589 2403231
2674 1205702 2389690
2675 1207489 2374181
2676 616029 2396118
2677 1205729 2374958
2678 1206626 2383387
2679 1211973 2374957
2680 633977 2410134
2681 1211103 2398958
2682 1211095 2368056
2683 1214678 2432081
2684 629344 2381763
2685 1212017 2410334
2686 1218279 2405508
2687 1218298 2406436
2688 633263 2418783
2689 1220086 2377547
2690 1220991 2394750
2691 1222793 2403305
2692 637158 2428248
2693 1221907 2399920
2694 1220137 2430792
2695 1226417 2410085
2696 629139 2430808
2697 1226423 2401731
2698 1228236 2419680
2699 1230047 2415876
2700 642839 2450310
2701 1228263 2442506
2702 1229165 2429299
2703 1232781 2438891
2704 624855 2455981
2705 1235492 2434328
2706 1235501 2442327
2707 1237298 2490751
2708 627815 2434983
2709 1235513 2428497
2710 1239134 2460552
2711 1240034 2458871
2712 632079 2479216
2713 1236459 2442194
2714 1241870 2424557
2715 1244583 2439565
2716 624894 2452210
2717 1241898 2477771
2718 1242800 2445991
2719 1243713 2444721
2720 641647 2430959
2721 1249155 2469508
2722 1246449 2465867
2723 1250076 2468442
2724 638268 2451912
2725 1251901 2470834
2726 1252821 2480651
2727 1255550 2470614
2728 629517 2497548
2729 1257386 2492177
2730 1256484 2495964
2731 1257408 2501591
2732 653205 2485455
2733 1253782 2487500
2734 1256512 2498762
2735 1260165 2502998
2736 636222 2493070
2737 1261078 2495706
2738 1263819 2500472
2739 1262015 2469513
2740 639383 2494776
2741 1262928 2513609
2742 1268404 2490176
2743 1267505 2492699
2744 638350 2502847
2745 1267514 2504820
2746 1270265 2495539
2747 1273937 2520935
2748 656815 2525703
2749 1271196 2516396
2750 1273048 2530949
2751 1273962 2503467
2752 669236 2549620
2753 1276718 2529903
2754 1277651 2511000
2755 1280398 2525140
2756 655097 2532906
2757 1281329 2536651
2758 1283180 2527485
2759 1284099 2531655
2760 638533 2566045
2761 1279534 2519990
2762 1285047 2520837
2763 1287818 2546190
2764 663675 2554750
2765 1286906 2554782
2766 1290581 2555639
2767 1289671 2575476
2768 651194 2559127
2769 1287853 2576198
2770 1292470 2551721
2771 1296156 2573406
2772 665999 2544940
2773 1290642 2578298
2774 1294324 2583317
2775 1295267 2587953
2776 658500 2553746
2777 1300829 2588292
2778 1300843 2535554
2779 1303615 2525758
2780 661930 2573810
2781 1302706 2583603
2782 1303634 2571395
2783 1304563 2585753
2784 663551 2600300
2785 1301817 2579291
2786 1306435 2570049
2787 1305536 2591624
2788 664679 2574515
2789 1303698 2575308
2790 1312031 2602867
2791 1309262 2588375
2792 659543 2590374
2793 1314853 2577245
2794 1313006 2615887
2795 1316720 2571847
2796 663184 2617701
2797 1319512 2592266
2798 1321394 2613207
2799 1322329 2600961
2800 669433 2592969
2801 1318616 2624424
2802 1319554 2596938
2803 1321426 2621475
2804 667838 2599879
2805 1327041 2608131
2806 1325175 2634590
2807 1327984 2608759
2808 665862 2651828
2809 1329876 2631094
2810 1330806 2625645
2811 1332697 2637343
2812 669626 2616840
2813 1331773 2604798
2814 1334593 2647013
2815 1335522 2647717
2816 662644 2651384
2817 1334613 2666662
2818 1338368 2636592
2819 1341193 2677178
2820 687677 2668367
2821 1339331 2692611
2822 1337462 2620967
2823 1340286 2632608
2824 681263 2665192
2825 1339358 2651316
2826 1345941 2660201
2827 1345006 2637685
2828 683160 2648106
2829 1347851 2653788
2830 1347871 2671441
2831 1349746 2666257
2832 684272 2683072
2833 1353539 2684732
2834 1355427 2687849
2835 1355433 2654141
2836 684219 2662000
2837 1352626 2707578
2838 1355457 2678874
2839 1355472 2684687
2840 691833 2676316
2841 1361142 2704226
2842 1361167 2674740
2843 1364005 2678711
2844 675938 2721511
2845 1360247 2680720
2846 1364018 2706136
2847 1366887 2721623
2848 681940 2682434
2849 1362161 2697637
2850 1365004 2681719
2851 1366919 2718612
2852 685027 2732743
2853 1371666 2727732
2854 1372626 2710692
2855 1373581 2700449
2856 688535 2703266
2857 1371702 2721952
2858 1377414 2714049
2859 1375506 2732105
2860 684519 2721954
2861 1376468 2716380
2862 1379342 2722018
2863 1381269 2755697
2864 701764 2783016
2865 1377470 2701080
2866 1382224 2705959
2867 1387005 2761197
2868 698076 2747297
2869 1384148 2744483
2870 1387026 2761455
2871 1387989 2749258
2872 702039 2741967
2873 1392791 2718115
2874 1391838 2721738
2875 1392810 2753745
2876 697465 2750865
2877 1391857 2754867
2878 1392818 2745532
2879 1395707 2765240
2880 701083 2789995
2881 1397637 2760154
2882 1397631 2740669
2883 1400514 2766400
2884 705770 2741270
2885 1402460 2750978
2886 1402455 2755306
2887 1406316 2756567
2888 719133 2787408
2889 1406325 2814658
2890 1403450 2814960
2891 1405377 2792925
2892 698354 2802330
2893 1407329 2782384
2894 1411186 2810465
2895 1410223 2781164
2896 705330 2806676
2897 1410235 2800746
2898 1411214 2811911
2899 1412178 2814891
2900 708728 2816991
2901 1416052 2809998
2902 1417981 2802924
2903 1419930 2812922
2904 713383 2806307
2905 1420900 2788220
2906 1423816 2809665
2907 1423824 2810283
2908 704599 2820237
2909 1419003 2810251
2910 1427721 2825807
2911 1424826 2808963
2912 699445 2805734
2913 1427736 2840786
2914 1426784 2818328
2915 1429691 2836565
2916 716241 2854587
2917 1431642 2835650
2918 1430680 2849637
2919 1437493 2840415
2920 721208 2818844
2921 1437505 2851780
2922 1439457 2818664
2923 1439464 2851111
2924 716479 2842787
2925 1441411 2844380
2926 1441434 2841047
2927 1445342 2846349
2928 708721 2856346
2929 1446325 2881292
2930 1446327 2879723
2931 1448299 2893378
2932 738879 2866261
2933 1448304 2854105
2934 1449289 2879215
2935 1453198 2874661
2936 724920 2877116
2937 1450281 2869054
2938 1449304 2907759
2939 1455188 2864795
2940 726978 2909275
2941 1456177 2894440
2942 1458137 2854461
2943 1461082 2864263
2944 726116 2899504
2945 1461104 2931816
2946 1462080 2858849
2947 1463088 2887884
2948 721611 2880552
2949 1462118 2880115
2950 1464083 2902017
2951 1468027 2906439
2952 731804 2894002
2953 1468039 2894008
2954 1465098 2900611
2955 1471976 2920489
2956 734676 2909867
2957 1472978 2928489
2958 1473979 2903863
2959 1475947 2895716
2960 726212 2921864
2961 1472031 2894370
2962 1477951 2920337
2963 1478943 2934617
2964 731218 2939203
2965 1480929 2945114
2966 1478968 2934156
2967 1481935 2964891
2968 726570 2908565
2969 1485884 2923777
2970 1485904 2924403
2971 1486896 2950259
2972 742292 2943069
2973 1489867 2953646
2974 1489888 2941553
2975 1492856 2968758
2976 748598 2930464
2977 1493881 2972490
2978 1493869 2928937
2979 1492897 2968401
2980 752112 2947991
2981 1495876 2958392
2982 1496882 2917047
2983 1500859 2956203
2984 737400 2987331
2985 1500883 2984686
2986 1498908 2980315
2987 1503868 2971105
2988 755567 2976718
2989 1497930 2980786
2990 1502899 2998863
2991 1501926 2982697
2992 743998 2966692
2993 1510875 2988192
2994 1509887 2970925
2995 1512876 2986876
2996 759373 2964411
2997 1510906 3004397
2998 1511917 3015639
2999 1514920 3008467
3000 754573 2984070
3001 1516924 2990046
3002 1518928 3018436
3003 1520937 3023911
3004 749351 3014490
3005 1516954 3009807
3006 1520953 2970960
3007 1519963 3032089
3008 753694 3009516
3009 1524989 3006376
3010 1527988 3010317
3011 1527003 3014042
3012 758082 2996281
3013 1525012 3028479
3014 1523032 3046257
3015 1528038 3012495
3016 758703 3025786
3017 1532040 3017796
3018 1533078 3039453
3019 1537089 3060334
3020 761007 3049758
3021 1535108 3028367
3022 1535104 3059911
3023 1540135 3034625
3024 759088 3052628
3025 1542174 3026721
3026 1544207 3046937
3027 1543192 3049031
3028 781037 3074780
3029 1544227 3089674
3030 1548240 3020227
3031 1549279 3050126
3032 759578 3059265
3033 1546252 3082896
3034 1550302 3059225
3035 1551321 3060241
3036 760525 3074949
3037 1550331 3065043
3038 1555385 3090537
3039 1556407 3097077
3040 766218 3052360
3041 1556410 3087414
3042 1560478 3059243
3043 1559467 3056912
3044 761177 3085812
3045 1563549 3097572
3046 1564556 3068340
3047 1565578 3101687
3048 770782 3082220
3049 1563562 3099148
3050 1567633 3117409
3051 1568660 3105871
3052 767353 3105420
3053 1568661 3099005
3054 1571714 3063615
3055 1573745 3097376
3056 779738 3101182
3057 1574789 3111742
3058 1574803 3112055
3059 1577865 3113279
3060 758647 3108721
3061 1577875 3093270
3062 1578897 3102751
3063 1581973 3112098
3064 781769 3120032
3065 1581983 3130013
3066 1580963 3118006
3067 1579949 3133336
3068 793713 3175474
3069 1586086 3147354
3070 1589159 3144203
3071 1589159 3140243
3072 778022 3122766
3073 1590199 3163362
3074 1593288 3161009
3075 1593298 3134726
3076 783244 3100075
3077 1590239 3191138
3078 1597406 3140661
3079 1598448 3174852
3080 788156 3139562
3081 1600520 3171080
3082 1600526 3184222
3083 1602589 3186553
3084 780949 3174252
3085 1600549 3187098
3086 1602611 3172340
3087 1605703 3167144
3088 784393 3199168
3089 1608808 3161720
3090 1607782 3193032
3091 1610864 3175297
3092 789934 3173935
3093 1612952 3178313
3094 1613990 3212793
3095 1615040 3165751
3096 802259 3188170
3097 1611960 3221095
3098 1614033 3157355
3099 1618159 3173264
3100 785922 3196324
3101 1614052 3179782
3102 1619220 3197907
3103 1622319 3215695
3104 788464 3253898
3105 1617170 3224705
3106 1619252 3228158
3107 1627512 3212276
3108 794592 3221360
3109 1616186 3244064
3110 1622382 3202979
3111 1628579 3251023
3112 791612 3205023
3113 1631706 3270642
3114 1632758 3205456
3115 1635868 3251326
3116 795579 3237321
3117 1633817 3242827
3118 1636930 3217608
3119 1640056 3212256
3120 808853 3204884
3121 1635915 3288006
3122 1642158 3225216
3123 1643204 3254948
3124 804336 3258598
3125 1645297 3253018
3126 1645314 3260590
3127 1648442 3235940
3128 803118 3240789
3129 1650533 3253323
3130 1651581 3246726
3131 1651601 3267101
3132 810412 3268196
3133 1652653 3272494
3134 1652665 3263215
3135 1651611 3274850
3136 818797 3268130
3137 1648525 3299722
3138 1653734 3262581
3139 1658972 3269685
3140 808747 3281987
3141 1662108 3259740
3142 1663176 3297442
3143 1664217 3289447
3144 815537 3301862
3145 1663198 3267440
3146 1661119 3296349
3147 1669490 3298361
3148 825797 3329696
3149 1664276 3291747
3150 1671601 3316221
3151 1671608 3285181
3152 815435 3307405
3153 1671627 3321544
3154 1675835 3312848
3155 1677947 3290338
3156 811732 3335407
3157 1672720 3326668
3158 1677972 3338862
3159 1679033 3324657
3160 821167 3288064
3161 1679053 3348269
3162 1680106 3371713
3163 1681166 3359877
3164 817888 3292669
3165 1685390 3338638
3166 1686450 3360137
3167 1687517 3339064
3168 823161 3350490
3169 1679124 3365223
3170 1692811 3327115
3171 1689663 3317305
3172 828511 3350002
3173 1692841 3345288
3174 1696004 3392301
3175 1699178 3360719
3176 829354 3338709
3177 1698142 3386652
3178 1698159 3364468
3179 1702376 3383871
3180 826176 3395073
3181 1701348 3346012
3182 1701358 3365135
3183 1702428 3415312
3184 835627 3353060
3185 1701362 3344574
3186 1708794 3389561
3187 1709874 3381727
3188 835783 3373859
3189 1708826 3362972
3190 1708826 3374929
3191 1716275 3412807
3192 824851 3389530
3193 1715209 3391141
3194 1718413 3395299
3195 1718421 3405140
3196 838852 3373237
3197 1720569 3396430
3198 1723775 3413414
3199 1724831 3449780
3200 845185 3442283
3201 1718467 3387482
3202 1721672 3433440
3203 1724872 3417013
3204 841239 3387483
3205 1730220 3432190
3206 1730229 3436392
3207 1733435 3419045
3208 837390 3418882
3209 1732396 3423226
3210 1729185 3456563
3211 1733474 3437713
3212 838108 3418171
3213 1738835 3455231
3214 1740968 3408649
3215 1740978 3431587
3216 844750 3455140
3217 1738862 3435283
3218 1742077 3447252
3219 1742090 3470961
3220 842388 3472850
3221 1743178 3442992
3222 1746400 3450446
3223 1750707 3473851
3224 854608 3451534
3225 1747487 3472667
3226 1750725 3476908
3227 1752884 3478061
3228 841949 3459058
3229 1756109 3450753
3230 1758273 3496065
3231 1758274 3494301
3232 854855 3434847
3233 1759368 3452443
3234 1762615 3480993
3235 1763700 3488059
3236 852119 3475582
3237 1763711 3506169
3238 1765884 3545004
3239 1765879 3508658
3240 845522 3468051
3241 1769130 3498992
3242 1770212 3527155
3243 1772380 3497874
3244 859506 3497897
3245 1770235 3529213
3246 1775653 3481684
3247 1775646 3481243
3248 854394 3482718
3249 1778922 3527774
3250 1777849 3465715
3251 1781088 3523015
3252 847587 3541878
3253 1780031 3521556
3254 1783279 3520059
3255 1784373 3544000
3256 851594 3550118
3257 1781143 3532571
3258 1788737 3540711
3259 1787646 3542896
3260 856821 3528822
3261 1789853 3570226
3262 1790936 3556151
3263 1793112 3529134
3264 861799 3542478
3265 1790961 3558310
3266 1794219 3533484
3267 1797498 3546185
3268 854990 3566101
3269 1797510 3603257
3270 1801857 3535092
3271 1802968 3586163
3272 859950 3544978
3273 1804074 3598584
3274 1795375 3564126
3275 1798634 3601844
3276 884025 3586803
3277 1806278 3571894
3278 1810651 3572394
3279 1810663 3575925
3280 861616 3586134
3281 1813957 3586701
3282 1808496 3579620
3283 1813966 3577277
3284 869676 3568487
3285 1813977 3608848
3286 1814001 3574923
3287 1813997 3609139
3288 871862 3620023
3289 1817287 3570366
3290 1821680 3614142
3291 1824965 3598269
3292 875536 3611799
3293 1822797 3613696
3294 1824992 3637860
3295 1823901 3651805
3296 880416 3613284
3297 1830499 3603105
3298 1828310 3582181
3299 1833817 3608243
3300 883281 3573262
3301 1833810 3634686
3302 1837130 3679257
3303 1836046 3634927
3304 881581 3586322
3305 1840463 3639890
3306 1838252 3630559
3307 1842669 3638804
3308 884959 3667888
3309 1844891 3653623
3310 1844894 3654761
3311 1847110 3639742
3312 889433 3666990
3313 1849326 3701370
3314 1846031 3670468
3315 1848231 3658696
3316 880634 3645893
3317 1852657 3657805
3318 1850473 3688612
3319 1855992 3709561
3320 895984 3652921
3321 1853792 3686666
3322 1851598 3752736
3323 1859332 3698050
3324 890038 3691761
3325 1861565 3670748
3326 1862684 3678589
3327 1864892 3692240
3328 898609 3716664
3329 1862697 3672516
3330 1861612 3707562
3331 1867153 3709729
3332 908522 3679862
3333 1868277 3703437
3334 1872730 3708530
3335 1872724 3715917
3336 904204 3712516
3337 1869424 3699227
3338 1870542 3726803
3339 1874983 3743251
3340 909569 3719768
3341 1878331 3714876
3342 1877245 3686365
3343 1876142 3715099
3344 892660 3722351
3345 1885056 3691180
3346 1886159 3722598
3347 1887290 3742177
3348 892833 3749932
3349 1880628 3711884
3350 1888419 3767555
3351 1889554 3719284
3352 909125 3750740
3353 1881770 3761684
3354 1892931 3768120
3355 1896288 3764017
3356 897777 3759869
3357 1894059 3743560
3358 1897414 3726332
3359 1897422 3750330
3360 903704 3744932
3361 1899683 3777858
3362 1900821 3813165
3363 1899700 3742838
3364 904832 3794527
3365 1899716 3787919
3366 1906445 3779439
3367 1909804 3797853
3368 908646 3769583
3369 1907576 3805845
3370 1910953 3786947
3371 1913210 3799508
3372 912175 3792606
3373 1915463 3790124
3374 1915464 3801062
3375 1915473 3768609
3376 913569 3767732
3377 1918871 3794696
3378 1921128 3773776
3379 1920007 3811873
3380 916661 3753344
3381 1924518 3799211
3382 1923407 3785721
3383 1925656 3828096
3384 908754 3811700
3385 1924544 3822732
3386 1927928 3787511
3387 1932451 3786406
3388 924240 3819640
3389 1931345 3803164
3390 1934732 3794943
3391 1936994 3833342
3392 922843 3828508
3393 1937011 3863816
3394 1938156 3856872
3395 1940421 3831606
3396 924444 3843424
3397 1938166 3859381
3398 1939306 3871477
3399 1943855 3876704
3400 933150 3848639
3401 1946108 3847674
3402 1944994 3879125
3403 1947263 3870281
3404 938482 3868352
3405 1951806 3871146
3406 1952950 3871078
3407 1954106 3828781
3408 927749 3920280
3409 1952984 3853540
3410 1956393 3880210
3411 1959791 3895108
3412 929147 3871405
3413 1960957 3884343
3414 1963247 3898629
3415 1964392 3906177
3416 937855 3842906
3417 1960990 3883663
3418 1965529 3886743
3419 1963270 3870083
3420 937616 3936600
3421 1961019 3890073
3422 1961041 3903843
3423 1966722 3930535
3424 938639 3929147
3425 1972422 3891362
3426 1976995 3938896
3427 1978140 3899253
3428 949469 3905750
3429 1975884 3903790
3430 1978167 3873541
3431 1981595 3923289
3432 934376 3875008
3433 1980473 3969171
3434 1981619 3968920
3435 1985049 3946655
3436 945095 3923756
3437 1983930 3913133
3438 1986228 3928971
3439 1987382 3925070
3440 950243 3943466
3441 1990823 3945988
3442 1993113 3944170
3443 1994270 3965934
3444 943232 3993311
3445 1995433 3945788
3446 1995428 3986718
3447 2001186 3964237
3448 947804 3986275
3449 1998896 3957016
3450 1997760 3964043
3451 2001199 3958555
3452 951127 3961525
3453 2006963 4019915
3454 2006977 3965713
3455 2010430 3990549
3456 958920 3992045
3457 2012742 4004108
3458 2011602 4012377
3459 2013913 3989714
3460 962285 3970592
3461 2015086 3977526
3462 2011639 4004554
3463 2015103 3935541
3464 967986 4018350
3465 2020882 4002997
3466 2022044 3985030
3467 2022048 3995443
3468 959038 4017224
3469 2024371 4031737
3470 2023223 3955544
3471 2029005 3986497
3472 957552 4015480
3473 2016346 4001153
3474 2025576 4034753
3475 2032513 4010579
3476 961063 3991178
3477 2026750 4024692
3478 2030228 4015037
3479 2031385 3985157
3480 961259 4051886
3481 2037182 4061442
3482 2039514 4004888
3483 2037207 4019368
3484 972421 4064472
3485 2042995 4066339
3486 2044192 4057453
3487 2047667 4051780
3488 964608 4078680
3489 2039566 4066140
3490 2046530 4062193
3491 2048852 4066143
3492 968330 4056440
3493 2052363 4080243
3494 2055852 4121170
3495 2055862 4047020
3496 972557 4079897
3497 2052391 4057197
3498 2055902 4091949
3499 2061712 4089477
3500 969511 4091315
3501 2057068 4097820
3502 2062905 4087279
3503 2061750 4094062
3504 968175 4046432
3505 2064093 4071099
3506 2069936 4108152
3507 2068777 4091353
3508 982584 4107319
3509 2071119 4146005
3510 2073472 4087609
3511 2074640 4092105
3512 981483 4070351
3513 2075828 4146526
3514 2075832 4131324
3515 2080522 4112447
3516 987104 4129176
3517 2066534 4109710
3518 2064208 4120537
3519 2075870 4123149
3520 981960 4172895
3521 2086432 4134458
3522 2087602 4087319
3523 2089958 4102882
3524 979897 4131986
3525 2091135 4121538
3526 2091148 4162103
3527 2094689 4125203
3528 997646 4198624
3529 2090002 4170718
3530 2092354 4112217
3531 2099408 4135065
3532 997583 4141774
3533 2097067 4215405
3534 2098261 4195871
3535 2100615 4138589
3536 1009288 4133335
3537 2100622 4134783
3538 2101823 4179072
3539 2104177 4165128
3540 1005644 4124061
3541 2100663 4158756
3542 2107734 4194045
3543 2107749 4154276
3544 1005833 4169396
3545 2116007 4170237
3546 2117208 4195542
3547 2118379 4169315
3548 990516 4157672
3549 2117219 4194437
3550 2117224 4218840
3551 2120775 4204666
3552 998838 4259098
3553 2123166 4215177
3554 2123160 4230521
3555 2126726 4234669
3556 1008638 4228596
3557 2127915 4204192
3558 2131481 4187496
3559 2132673 4197799
3560 1003856 4192813
3561 2126766 4249052
3562 2131506 4197579
3563 2131515 4203699
3564 997643 4218503
3565 2133905 4247726
3566 2136279 4271390
3567 2137480 4232577
3568 1005830 4280599
3569 2137489 4271830
3570 2142244 4196847
3571 2146998 4266100
3572 1018018 4267659
3573 2145831 4289582
3574 2145827 4285420
3575 2151798 4293833
3576 1017741 4285128
3577 2149432 4287074
3578 2150621 4235527
3579 2149431 4243006
3580 1018314 4271682
3581 2156596 4293444
3582 2156603 4276740
3583 2157803 4252434
3584 1018240 4307186
3585 2159010 4286580
3586 2162596 4297177
3587 2166191 4316077
3588 1029362 4260643
3589 2167409 4272200
3590 2166209 4260125
3591 2166225 4281272
3592 1026332 4307491
3593 2162655 4295726
3594 2173422 4276539
3595 2174625 4320258
3596 1015327 4338594
3597 2171053 4329048
3598 2175850 4318335
3599 2174655 4350302
3600 1035999 4274070
3601 2180663 4376558
3602 2184273 4332603
3603 2185476 4323730
3604 1032987 4348147
3605 2184290 4319552
3606 2185511 4316022
3607 2187918 4309360
3608 1037265 4359522
3609 2189120 4392778
3610 2189128 4325027
3611 2195156 4361254
3612 1026301 4353946
3613 2196368 4354994
3614 2197579 4379715
3615 2198774 4391281
3616 1034266 4355542
3617 2202407 4347460
3618 2202417 4392440
3619 2204842 4378361
3620 1031934 4356761
3621 2196435 4335512
3622 2201251 4386689
3623 2206079 4381071
3624 1040651 4395826
3625 2206101 4376841
3626 2209715 4394375
3627 2208521 4384319
3628 1038694 4372490
3629 2216987 4351276
3630 2215791 4382031
3631 2218209 4370928
3632 1041473 4408434
3633 2215815 4387032
3634 2221860 4422417
3635 2218248 4376915
3636 1028876 4417028
3637 2225516 4425769
3638 2221895 4408862
3639 2227961 4407954
3640 1052776 4429052
3641 2229182 4432488
3642 2230403 4438225
3643 2231611 4450239
3644 1051902 4421940
3645 2227998 4432222
3646 2234057 4433675
3647 2236505 4420528
3648 1038145 4456026
3649 2232886 4414173
3650 2237741 4418062
3651 2241397 4416772
3652 1060729 4438472
3653 2243841 4457211
3654 2247499 4439278
3655 2248725 4465294
3656 1049785 4423727
3657 2240223 4468278
3658 2248750 4464347
3659 2251194 4465405
3660 1049467 4463708
3661 2248777 4459542
3662 2247565 4489741
3663 2254882 4501503
3664 1052681 4494425
3665 2252456 4483575
3666 2256125 4522435
3667 2253706 4438786
3668 1051358 4449790
3669 2264684 4512379
3670 2265914 4457067
3671 2268358 4520174
3672 1057921 4466339
3673 2270828 4502397
3674 2269608 4533429
3675 2270840 4522261
3676 1060702 4514566
3677 2269612 4476545
3678 2273314 4490106
3679 2275775 4520128
3680 1072794 4513736
3681 2279465 4488056
3682 2273343 4534735
3683 2280700 4545983
3684 1068217 4519113
3685 2274597 4525452
3686 2281948 4568371
3687 2285632 4518833
3688 1077138 4492515
3689 2289336 4534656
3690 2291791 4523688
3691 2293033 4535972
3692 1073955 4496061
3693 2295522 4540950
3694 2289374 4589354
3695 2293057 4535184
3696 1069407 4527807
3697 2297998 4553690
3698 2299245 4582229
3699 2300472 4526493
3700 1065128 4548564
3701 2305413 4532633
3702 2305437 4568541
3703 2307900 4589209
3704 1075626 4568018
3705 2309145 4609676
3706 2311616 4600470
3707 2312857 4600283
3708 1080219 4563030
3709 2314124 4597384
3710 2311650 4575837
3711 2312879 4586671
3712 1076436 4623860
3713 2319081 4552178
3714 2320325 4618165
3715 2321565 4601861
3716 1087153 4632360
3717 2321588 4628107
3718 2325311 4653938
3719 2324082 4605222
3720 1076778 4603212
3721 2326560 4645358
3722 2320397 4606033
3723 2330313 4565892
3724 1090434 4602670
3725 2335280 4631638
3726 2331562 4620547
3727 2336532 4677661
3728 1083797 4655771
3729 2339030 4652550
3730 2341533 4600666
3731 2339046 4675663
3732 1092520 4639652
3733 2344019 4661825
3734 2346527 4638128
3735 2346528 4613344
3736 1092823 4702349
3737 2341574 4690358
3738 2344060 4688996
3739 2350293 4651229
3740 1095486 4636686
3741 2344090 4673630
3742 2351571 4655822
3743 2354069 4647655
3744 1098384 4639873
3745 2346612 4673078
3746 2359064 4672596
3747 2361567 4642603
3748 1092899 4690706
3749 2350382 4739908
3750 2361598 4654361
3751 2366581 4686643
3752 1099252 4685960
3753 2365348 4644332
3754 2366609 4688495
3755 2369129 4693264
3756 1118216 4720957
3757 2372884 4678420
3758 2375390 4682569
3759 2377908 4727762
3760 1099701 4711528
3761 2379166 4737052
3762 2379180 4741175
3763 2381696 4693527
3764 1097947 4735420
3765 2374211 4739581
3766 2384219 4709279
3767 2381720 4763173
3768 1110855 4715575
3769 2384238 4759850
3770 2389275 4758526
3771 2390534 4640099
3772 1101032 4758739
3773 2393063 4720560
3774 2395575 4805822
3775 2398096 4719333
3776 1120118 4758595
3777 2396858 4806315
3778 2400637 4796925
3779 2403158 4743398
3780 1122332 4784600
3781 2396886 4777468
3782 2403177 4777479
3783 2408222 4746817
3784 1114815 4758682
3785 2406986 4791697
3786 2409507 4782392
3787 2412022 4778671
3788 1119445 4736845
3789 2410798 4755995
3790 2413324 4816373
3791 2417105 4809125
3792 1127347 4822712
3793 2419654 4789032
3794 2414606 4839818
3795 2418404 4786110
3796 1111775 4806420
3797 2418419 4752132
3798 2420944 4784766
3799 2420942 4795533
3800 1132061 4857194
3801 2427297 4861057
3802 2426033 4814020
3803 2433638 4780417
3804 1126455 4804923
3805 2431110 4831989
3806 2433660 4834058
3807 2433664 4840931
3808 1141035 4757342
3809 2438745 4804067
3810 2440019 4806781
3811 2443826 4808156
3812 1133622 4836258
3813 2442578 4877005
3814 2441321 4849752
3815 2445132 4799487
3816 1140871 4826016
3817 2448951 4862238
3818 2450232 4851759
3819 2451513 4842395
3820 1134985 4882116
3821 2454078 4913725
3822 2450263 4859168
3823 2454079 4847004
3824 1146725 4901832
3825 2461749 4875201
3826 2460461 4845482
3827 2464308 4910357
3828 1148040 4883142
3829 2457948 4862946
3830 2464326 4877783
3831 2463056 4895580
3832 1149335 4854842
3833 2466889 4846618
3834 2469446 4919225
3835 2473286 4883533
3836 1145489 4899840
3837 2473308 4936178
3838 2478427 4878091
3839 2478416 4867743
3840 1147310 4898118
3841 2479721 4934945
3842 2482289 4916127
3843 2483578 4926503
3844 1155711 4909580
3845 2483583 4905444
3846 2486156 4962347
3847 2487429 4946250
3848 1150092 4937994
3849 2488734 4930925
3850 2492589 4948835
3851 2492601 4936411
3852 1164921 4928700
3853 2495181 4944057
3854 2499031 4900753
3855 2500323 4942784
3856 1154288 4954058
3857 2492648 4941467
3858 2502921 4960930
3859 2501654 4983629
3860 1155845 4999498
3861 2502949 4986592
3862 2504231 4986339
3863 2508090 4986504
3864 1156000 4982359
3865 2510677 4971480
3866 2513274 5019931
3867 2514555 4969513
3868 1172243 4966720
3869 2512012 5023528
3870 2513294 5010468
3871 2517173 4978401
3872 1172002 4922274
3873 2521057 5015708
3874 2523639 4982049
3875 2524933 5031231
3876 1170471 5001272
3877 2523659 4995222
3878 2526243 5039911
3879 2531418 5010888
3880 1160517 5018765
3881 2531440 5036758
3882 2535323 5011696
3883 2536609 5008166
3884 1169484 5048420
3885 2537921 5024542
3886 2539229 4984433
3887 2540526 5014863
3888 1170510 5007142
3889 2535376 5056764
3890 2540553 5012710
3891 2540556 5063784
3892 1177238 5077456
3893 2547043 5040381
3894 2549652 5041479
3895 2552238 5057506
3896 1182493 5084810
3897 2549666 5048658
3898 2549679 5057873
3899 2554877 5073174
3900 1172519 5094880
3901 2558781 5077322
3902 2557490 5074873
3903 2562692 5087486
3904 1186540 5063124
3905 2565304 5103860
3906 2561416 5090215
3907 2565322 5098223
3908 1185917 5068284
3909 2570544 5070792
3910 2567949 5166694
3911 2570563 5075185
3912 1177431 5086616
3913 2569275 5101782
3914 2570581 5103140
3915 2577101 5093815
3916 1197400 5095292
3917 2570614 5062502
3918 2577132 5145323
3919 2581037 5144960
3920 1194026 5111473
3921 2579757 5130860
3922 2583673 5154544
3923 2586292 5107978
3924 1183984 5152842
3925 2587619 5142448
3926 2592853 5097215
3927 2592855 5180507
3928 1220480 5125404
3929 2590250 5102134
3930 2596806 5175024
3931 2595509 5160752
3932 1194655 5066234
3933 2599433 5121802
3934 2603386 5134774
3935 2603393 5123111
3936 1212704 5178906
3937 2598164 5154128
3938 2599475 5164964
3939 2599494 5208471
3940 1205613 5132779
3941 2603426 5213528
3942 2609985 5162459
3943 2611317 5187450
3944 1218506 5170226
3945 2607391 5175050
3946 2616584 5161373
3947 2620537 5218047
3948 1209219 5176272
3949 2616600 5209208
3950 2623180 5206843
3951 2625825 5194377
3952 1209868 5197525
3953 2627152 5171524
3954 2627165 5190425
3955 2628485 5190609
3956 1207569 5241879
3957 2629821 5197120
3958 2631135 5221191
3959 2633781 5210485
3960 1229341 5166408
3961 2639071 5232939
3962 2640405 5264525
3963 2640410 5239652
3964 1219700 5162004
3965 2640406 5194414
3966 2631186 5186691
3967 2636473 5247298
3968 1228756 5294778
3969 2643090 5225965
3970 2639139 5200751
3971 2648381 5280943
3972 1231350 5288780
3973 2652375 5251769
3974 2645769 5252095
3975 2652382 5249869
3976 1224564 5266133
3977 2655038 5228177
3978 2655054 5298481
3979 2661679 5251822
3980 1232046 5261391
3981 2660378 5336389
3982 2663029 5260433
3983 2665677 5312933
3984 1224253 5253348
3985 2667027 5244814
3986 2667027 5255012
3987 2669685 5347229
3988 1241163 5341949
3989 2675018 5324460
3990 2673702 5286529
3991 2673702 5284580
3992 1231874 5271770
3993 2679025 5321484
3994 2679043 5335501
3995 2683026 5321426
3996 1249227 5313160
3997 2685708 5359691
3998 2688388 5342474
3999 2689720 5321469
4000 1234393 5354777
4001 2684407 5377366
4002 2687072 5329385
4003 2685747 5335671
4004 1243577 5305100
4005 2696427 5293737
4006 2699111 5323146
4007 2700446 5351037
4008 1245853 5347461
4009 2700458 5346532
4010 2697801 5346189
4011 2700470 5320977
4012 1237533 5421025
4013 2705823 5365817
4014 2708507 5391921
4015 2709848 5379253
4016 1233418 5351476
4017 2709861 5347598
4018 2712554 5440353
4019 2713886 5395841
4020 1247161 5416572
4021 2709898 5327368
4022 2716590 5398687
4023 2721951 5384383
4024 1262132 5409229
4025 2720635 5444206
4026 2721969 5356784
4027 2727341 5384195
4028 1255254 5389460
4029 2726008 5403581
4030 2724681 5416188
4031 2728698 5422385
4032 1259957 5436804
4033 2734084 5417462
4034 2736790 5373360
4035 2736786 5447881
4036 1251768 5439372
4037 2735473 5427146
4038 2731459 5453427
4039 2735470 5419422
4040 1272946 5453819
4041 2744910 5376660
4042 2746257 5411725
4043 2747611 5465991
4044 1267268 5491633
4045 2744928 5440297
4046 2750326 5475506
4047 2754379 5460434
4048 1274373 5475048
4049 2753044 5447504
4050 2755745 5438425
4051 2757100 5528977
4052 1263469 5474012
4053 2759811 5471114
4054 2758472 5484737
4055 2763872 5516854
4056 1261273 5475614
4057 2763882 5481043
4058 2766606 5513467
4059 2765253 5498343
4060 1264869 5477812
4061 2766616 5549318
4062 2765269 5465567
4063 2773396 5502113
4064 1283022 5499234
4065 2770695 5494756
4066 2780180 5520208
4067 2777480 5488099
4068 1273468 5489514
4069 2776134 5560148
4070 2782913 5532194
4071 2781566 5523326
4072 1272102 5492992
4073 2787001 5539887
4074 2786996 5536631
4075 2792448 5594970
4076 1285550 5572138
4077 2792446 5548206
4078 2796543 5541310
4079 2795170 5567894
4080 1290372 5542238
4081 2792471 5542994
4082 2799272 5526230
4083 2800641 5596593
4084 1302213 5615460
4085 2787108 5550020
4086 2795222 5555525
4087 2808822 5574007
4088 1288285 5616764
4089 2807475 5574365
4090 2812940 5629949
4091 2812942 5575904
4092 1294086 5549074
4093 2807521 5532173
4094 2815681 5611501
4095 2817046 5602856
4096 1292103 5519344
4097 2815699 5631221
4098 2812987 5621692
4099 2823911 5620626
4100 1297845 5597697
4101 2825296 5629834
4102 2825301 5564509
4103 2829418 5573493
4104 1311543 5636343
4105 2826694 5577660
4106 2833549 5664670
4107 2836283 5615348
4108 1308167 5582542
4109 2833572 5594530
4110 2828111 5687816
4111 2841803 5630319
4112 1301944 5606523
4113 2844553 5617019
4114 2844566 5642008
4115 2847315 5641073
4116 1323072 5659508
4117 2843214 5646398
4118 2848722 5662129
4119 2852847 5638511
4120 1310119 5645978
4121 2844632 5659436
4122 2848748 5674921
4123 2854257 5691902
4124 1319642 5673786
4125 2859755 5700579
4126 2858392 5665468
4127 2862513 5627259
4128 1319070 5704934
4129 2858418 5668420
4130 2861177 5688868
4131 2869429 5683136
4132 1304164 5708546
4133 2872203 5706814
4134 2870841 5717993
4135 2870835 5682114
4136 1309437 5686216
4137 2872247 5696403
4138 2872249 5724814
4139 2873618 5767075
4140 1313261 5712276
4141 2881922 5717418
4142 2879179 5734677
4143 2884693 5767015
4144 1317904 5709434
4145 2884711 5726871
4146 2883357 5719790
4147 2884737 5717605
4148 1329540 5736200
4149 2884747 5772076
4150 2891663 5732913
4151 2897200 5790693
4152 1316043 5698120
4153 2895838 5763760
4154 2891714 5719819
4155 2898617 5714371
4156 1319331 5773888
4157 2904172 5771074
4158 2906944 5783109
4159 2906959 5749346
4160 1329545 5729266
4161 2904199 5797078
4162 2902826 5730190
4163 2913931 5755679
4164 1341176 5821854
4165 2907010 5847768
4166 2913946 5781755
4167 2912580 5817379
4168 1344443 5780028
4169 2920927 5790384
4170 2923701 5832813
4171 2925096 5803953
4172 1340231 5795474
4173 2926517 5801166
4174 2926510 5811459
4175 2927913 5745797
4176 1350566 5765028
4177 2926544 5829341
4178 2925158 5848643
4179 2933506 5842685
4180 1360841 5831564
4181 2936310 5835921
4182 2930759 5826295
4183 2940504 5855495
4184 1354910 5818704
4185 2943317 5852330
4186 2941929 5803899
4187 2944736 5831600
4188 1341534 5840827
4189 2946136 5843526
4190 2941963 5836258
4191 2951726 5880773
4192 1340065 5847480
4193 2955951 5813770
4194 2954553 5842173
4195 2957352 5860889
4196 1358982 5899138
4197 2960160 5879263
4198 2958770 5872368
4199 2964382 5837531
4200 1359245 5879298
4201 2964387 5932374
4202 2965809 5910396
4203 2970010 5849730
4204 1364700 5872608
4205 2965831 5839517
4206 2968631 5915031
4207 2975645 5915025
4208 1363063 5876939
4209 2972862 5858719
4210 2977077 5878935
4211 2981296 5900202
4212 1350985 5879047
4213 2982718 5879598
4214 2985532 5910833
4215 2986930 5896285
4216 1380417 5948302
4217 2982748 5916527
4218 2986966 5918301
4219 2986979 6004626
4220 1371086 5958296
4221 2992605 5915032
4222 2989806 5915790
4223 2996838 5913329
4224 1383923 6015105
4225 2991233 6004596
4226 2998275 5982482
4227 3003907 5985029
4228 1384794 6000637
4229 3003926 5998458
4230 3003940 5968955
4231 3009586 5936522
4232 1395359 5912231
4233 3006781 5923216
4234 3002574 5977816
4235 3008219 5935903
4236 1396798 5996652
4237 2996986 6025641
4238 3015284 5991295
4239 3019526 5969093
4240 1398854 6061520
4241 3020961 6043039
4242 3022385 6032574
4243 3026632 5984026
4244 1381768 6046490
4245 3025216 6063374
4246 3023834 5994889
4247 3029497 5983431
4248 1395032 5955960
4249 3030922 6014388
4250 3032336 6001179
4251 3030932 5998097
4252 1395806 6046576
4253 3033784 6031998
4254 3029546 5989535
4255 3035207 6016379
4256 1392383 6003213
4257 3039480 6016720
4258 3046567 6024025
4259 3048003 6069778
4260 1394292 6071933
4261 3042351 6042212
4262 3050863 5995369
4263 3049464 6076386
4264 1410546 6105316
4265 3052322 6047850
4266 3059436 6061147
4267 3056583 6090894
4268 1403904 6071424
4269 3060869 6122190
4270 3063719 6096054
4271 3063732 6064447
4272 1417306 6076055
4273 3069449 6069954
4274 3065187 6116505
4275 3070886 6068798
4276 1411728 6079056
4277 3073745 6137362
4278 3070911 6102117
4279 3072335 6097701
4280 1416474 6118577
4281 3080896 6107898
4282 3078052 6155731
4283 3080917 6050649
4284 1410353 6184511
4285 3076652 6067534
4286 3080950 6155091
4287 3085242 6110463
4288 1414851 6145012
4289 3085246 6097832
4290 3090962 6077256
4291 3089547 6160604
4292 1416260 6135783
4293 3093855 6158949
4294 3096722 6109758
4295 3099604 6133689
4296 1427171 6166164
4297 3099601 6169867
4298 3102486 6211605
4299 3105341 6114663
4300 1422237 6166068
4301 3106798 6155159
4302 3106799 6208632
4303 3111113 6168327
4304 1428125 6137404
4305 3115430 6156571
4306 3116872 6121944
4307 3118328 6207939
4308 1424631 6137888
4309 3108298 6167843
4310 3115473 6175124
4311 3119781 6230127
4312 1429626 6201803
4313 3121225 6153906
4314 3125552 6250389
4315 3126982 6185009
4316 1424689 6212128
4317 3128446 6207566
4318 3129890 6185662
4319 3134213 6260101
4320 1435452 6203354
4321 3131354 6214530
4322 3137116 6203951
4323 3137127 6226241
4324 1437675 6290752
4325 3140019 6236600
4326 3144356 6194641
4327 3147239 6240502
4328 1426886 6224903
4329 3140060 6274558
4330 3144385 6198285
4331 3153045 6234478
4332 1438841 6213100
4333 3144412 6305122
4334 3145864 6275518
4335 3158864 6265477
4336 1446541 6248839
4337 3157421 6248870
4338 3157416 6271854
4339 3163221 6277542
4340 1448796 6225219
4341 3157467 6269708
4342 3161801 6298903
4343 3167583 6287696
4344 1446115 6260430
4345 3160377 6292428
4346 3164737 6281377
4347 3174858 6285217
4348 1450783 6298296
4349 3177757 6336659
4350 3180670 6321939
4351 3182138 6270781
4352 1459369 6296196
4353 3182143 6320900
4354 3179262 6325264
4355 3187965 6299572
4356 1458191 6292744
4357 3186519 6369001
4358 3188004 6375370
4359 3192352 6301407
4360 1457617 6367536
4361 3195272 6318833
4362 3195292 6331885
4363 3199664 6328115
4364 1460658 6352369
4365 3193856 6369766
4366 3199683 6344315
4367 3204052 6395967
4368 1473413 6316864
4369 3201166 6368280
4370 3204076 6319580
4371 3211366 6404942
4372 1468158 6383318
4373 3207020 6389922
4374 3212846 6437611
4375 3217220 6418673
4376 1477962 6384717
4377 3217244 6392368
4378 3220175 6342108
4379 3223090 6389605
4380 1478415 6376497
4381 3224562 6428047
4382 3224579 6393625
4383 3223132 6416251
4384 1485460 6416236
4385 3226054 6433970
4386 3231914 6439081
4387 3234837 6441777
4388 1483607 6430580
4389 3230472 6402286
4390 3237792 6420665
4391 3234877 6425395
4392 1487268 6462342
4393 3242224 6461675
4394 3245148 6424878
4395 3245163 6396598
4396 1510513 6438783
4397 3242247 6495110
4398 3249573 6471621
4399 3251039 6442434
4400 1487628 6457888
4401 3255450 6490060
4402 3256931 6441396
4403 3258404 6456477
4404 1495661 6451428
4405 3255501 6443945
4406 3258432 6506042
4407 3264316 6480280
4408 1490103 6470812
4409 3267258 6544646
4410 3265804 6496950
4411 3268751 6516561
4412 1508654 6481629
4413 3270235 6490407
4414 3274653 6491107
4415 3276140 6512501
4416 1508356 6567332
4417 3270260 6512499
4418 3276153 6483919
4419 3282051 6464923
4420 1504862 6500658
4421 3283546 6518293
4422 3285030 6537567
4423 3286501 6468895
4424 1515611 6450985
4425 3286520 6479370
4426 3290954 6541537
4427 3289480 6524621
4428 1513773 6505214
4429 3292448 6549040
4430 3296877 6547424
4431 3299834 6535026
4432 1518937 6537840
4433 3301331 6548544
4434 3299868 6591898
4435 3305779 6525339
4436 1496315 6526468
4437 3299889 6581944
4438 3304313 6520185
4439 3302878 6582125
4440 1520518 6622027
4441 3307314 6599322
4442 3316183 6624779
4443 3310296 6622207
4444 1526806 6592410
4445 3319178 6519593
4446 3322151 6566953
4447 3323633 6627578
4448 1521604 6671987
4449 3319206 6611796
4450 3325138 6620617
4451 3328118 6615098
4452 1528473 6603200
4453 3328140 6563874
4454 3329614 6575138
4455 3325165 6637917
4456 1539344 6616378
4457 3337064 6632274
4458 3340045 6611387
4459 3340041 6579933
4460 1535761 6627463
4461 3341561 6596213
4462 3344531 6566868
4463 3347513 6614182
4464 1536990 6640408
4465 3349020 6616334
4466 3350509 6627201
4467 3353497 6665406
4468 1537385 6682988
4469 3349053 6601080
4470 3350550 6656026
4471 3356507 6704691
4472 1550676 6726521
4473 3356540 6631898
4474 3363978 6698151
4475 3363998 6664993
4476 1543277 6704774
4477 3358052 6718659
4478 3369971 6698816
4479 3368488 6647368
4480 1552371 6722742
4481 3367014 6638124
4482 3375984 6600702
4483 3375980 6694504
4484 1546670 6698532
4485 3370040 6668893
4486 3377503 6640859
4487 3383482 6716790
4488 1560537 6757222
4489 3380525 6708102
4490 3385018 6756328
4491 3385017 6715633
4492 1543878 6733808
4493 3388018 6690576
4494 3389543 6768685
4495 3392531 6772108
4496 1552863 6764789
4497 3397046 6756513
4498 3395552 6765539
4499 3401560 6680606
4500 1568504 6780847
4501 3400083 6752779
4502 3406091 6760536
4503 3406084 6739571
4504 1559761 6762067
4505 3404603 6717742
4506 3412103 6850635
4507 3412129 6816961
4508 1560378 6790919
4509 3412137 6747862
4510 3400158 6793589
4511 3413655 6772377
4512 1577964 6803106
4513 3422679 6711604
4514 3424194 6763347
4515 3424198 6842055
4516 1569939 6797179
4517 3422713 6833352
4518 3421231 6727687
4519 3427241 6803416
4520 1562926 6782480
4521 3421250 6738798
4522 3430278 6756157
4523 3437823 6823792
4524 1569600 6859682
4525 3433324 6838374
4526 3440854 6817401
4527 3443875 6870339
4528 1562040 6775039
4529 3442405 6842297
4530 3445412 6853299
4531 3449948 6781371
4532 1578512 6913425
4533 3445439 6874802
4534 3448460 6863809
4535 3454505 6907519
4536 1587846 6851924
4537 3451504 6896710
4538 3457562 6817720
4539 3462096 6869427
4540 1571371 6880944
4541 3457588 6841333
4542 3462132 6853017
4543 3465156 6847808
4544 1600301 6864593
4545 3463665 6897526
4546 3468211 6902833
4547 3471232 6844242
4548 1579632 6903709
4549 3477329 6865250
4550 3477329 6842684
4551 3480356 6917591
4552 1604729 6879736
4553 3478880 6970671
4554 3481913 6908365
4555 3484942 6933733
4556 1596556 6985876
4557 3483440 6834389
4558 3491035 6844405
4559 3492572 6904349
4560 1605822 6876044
4561 3488032 6942339
4562 3489554 6985693
4563 3481986 6897265
4564 1598920 6996455
4565 3486564 6963712
4566 3503275 6962557
4567 3498718 6942585
4568 1614030 6911146
4569 3497222 6950975
4570 3498737 6917073
4571 3504844 6945953
4572 1634286 6964016
4573 3504850 6935806
4574 3510935 6961379
4575 3517042 6924903
4576 1613747 6993444
4577 3507934 7070386
4578 3517051 6978545
4579 3521645 6980772
4580 1624929 6990217
4581 3526236 7049408
4582 3527779 6950865
4583 3529316 6996505
4584 1623650 7029916
4585 3520179 7025360
4586 3527806 7031913
4587 3535452 6997377
4588 1619723 6994676
4589 3536999 6961136
4590 3540068 7037748
4591 3541597 6979233
4592 1616892 7005501
4593 3538548 7045658
4594 3543168 7009667
4595 3547750 7023784
4596 1612384 7010154
4597 3543164 7076349
4598 3552368 6940662
4599 3552379 7020527
4600 1623581 7029636
4601 3552383 7074056
4602 3553929 7028724
4603 3558543 7117146
4604 1629485 7103010
4605 3557025 7018994
4606 3557030 7052537
4607 3566243 7012293
4608 1641624 7028918
4609 3561657 7091964
4610 3567803 7074023
4611 3572413 7063325
4612 1635052 7073549
4613 3572437 7071880
4614 3573974 7002183
4615 3575534 7049350
4616 1652591 7068608
4617 3578612 7064389
4618 3583230 7089457
4619 3584787 7108156
4620 1647391 7147950
4621 3584819 7064840
4622 3586356 7119426
4623 3589434 7115828
4624 1658350 7077058
4625 3586374 7114353
4626 3595626 7116839
4627 3595623 7105846
4628 1653893 7146707
4629 3597200 7136373
4630 3597206 7170450
4631 3601836 7140557
4632 1659349 7116964
4633 3598773 7112548
4634 3594173 7142403
4635 3603415 7202683
4636 1656551 7127778
4637 3608071 7150302
4638 3604983 7213269
4639 3609632 7156219
4640 1671402 7213875
4641 3615821 7160868
4642 3617378 7214259
4643 3618914 7184015
4644 1691995 7148468
4645 3620499 7192106
4646 3618962 7188130
4647 3622050 7239751
4648 1672157 7194864
4649 3629808 7149178
4650 3632914 7225895
4651 3634480 7250654
4652 1666194 7211607
4653 3632935 7253020
4654 3631402 7201940
4655 3639158 7210093
4656 1679541 7262548
4657 3642275 7290829
4658 3645391 7216367
4659 3646954 7199263
4660 1661503 7238320
4661 3646976 7164460
4662 3645422 7243563
4663 3648539 7278966
4664 1683218 7226638
4665 3656323 7199506
4666 3657884 7268525
4667 3657877 7265921
4668 1691230 7276146
4669 3662562 7311562
4670 3662581 7251695
4671 3665707 7267971
4672 1704783 7282512
4673 3665712 7300387
4674 3665725 7313179
4675 3665730 7222216
4676 1714304 7276143
4677 3675087 7297790
4678 3676675 7291057
4679 3678230 7264559
4680 1704087 7322086
4681 3673575 7339234
4682 3679822 7319827
4683 3682944 7337539
4684 1710243 7299393
4685 3668932 7309619
4686 3686077 7348023
4687 3682977 7314275
4688 1698172 7333318
4689 3689237 7352212
4690 3695503 7355927
4691 3697052 7326748
4692 1716330 7348367
4693 3687715 7413818
4694 3693942 7318504
4695 3703349 7301936
4696 1698297 7339342
4697 3703374 7351580
4698 3708074 7321405
4699 3709641 7365354
4700 1717052 7302093
4701 3697145 7356785
4702 3706543 7379581
4703 3715939 7365937
4704 1718083 7395105
4705 3709690 7374212
4706 3712825 7387685
4707 3720664 7376273
4708 1687670 7369167
4709 3722254 7402276
4710 3725397 7314930
4711 3726983 7376917
4712 1728270 7395972
4713 3723848 7394718
4714 3733277 7402937
4715 3733291 7413587
4716 1716876 7423428
4717 3734875 7408455
4718 3739598 7451268
4719 3741186 7342743
4720 1743046 7500945
4721 3736484 7422065
4722 3744357 7420331
4723 3742782 7408548
4724 1718389 7441616
4725 3742804 7500005
4726 3742815 7474057
4727 3753832 7430777
4728 1732894 7455963
4729 3747551 7453880
4730 3753857 7468383
4731 3753855 7456911
4732 1730994 7484400
4733 3758615 7544502
4734 3761758 7476110
4735 3760193 7488938
4736 1721093 7452742
4737 3764937 7430389
4738 3771266 7508023
4739 3772853 7466487
4740 1749546 7556270
4741 3776023 7524110
4742 3776031 7457183
4743 3777637 7565457
4744 1738433 7517300
4745 3777643 7420243
4746 3779225 7587033
4747 3774496 7530879
4748 1757720 7438060
4749 3782418 7506349
4750 3788757 7600536
4751 3788765 7598835
4752 1753129 7579648
4753 3790365 7548498
4754 3795125 7497188
4755 3795133 7470961
4756 1791202 7544444
4757 3787241 7574867
4758 3793571 7595473
4759 3804670 7502599
4760 1761516 7563996
4761 3798338 7535050
4762 3806279 7548220
4763 3807878 7586134
4764 1769726 7579382
4765 3804709 7568622
4766 3809470 7614513
4767 3814254 7588343
4768 1758730 7545081
4769 3809507 7604938
4770 3815860 7629059
4771 3812699 7587259
4772 1752715 7644785
4773 3812714 7678328
4774 3817479 7609331
4775 3825437 7598371
4776 1766160 7591110
4777 3831812 7613477
4778 3833414 7637505
4779 3831834 7594519
4780 1782265 7624812
4781 3836606 7634992
4782 3841401 7575147
4783 3843002 7597861
4784 1782130 7633835
4785 3844627 7637323
4786 3838259 7659905
4787 3847821 7610577
4788 1783216 7665000
4789 3844656 7666382
4790 3844660 7679637
4791 3843087 7650615
4792 1775994 7678758
4793 3852652 7654506
4794 3857463 7634382
4795 3862249 7617907
4796 1777548 7642873
4797 3857479 7604111
4798 3867059 7670805
4799 3865473 7744662
4800 1788751 7641393
4801 3863894 7697004
4802 3863910 7671279
4803 3873530 7679664
4804 1801857 7689276
4805 3871916 7695824
4806 3875130 7641291
4807 3871950 7740963
4808 1809210 7720483
4809 3875169 7706351
4810 3881564 7720969
4811 3884781 7774695
4812 1805283 7730427
4813 3884790 7708936
4814 3888009 7747234
4815 3891223 7722603
4816 1792511 7720194
4817 3886420 7751064
4818 3899277 7747777
4819 3900891 7758201
4820 1830834 7779606
4821 3900904 7768848
4822 3900913 7712910
4823 3902518 7769171
4824 1800134 7733259
4825 3902542 7790151
4826 3907361 7764456
4827 3908979 7788597
4828 1805716 7783636
4829 3907392 7742957
4830 3917048 7796289
4831 3918655 7752185
4832 1833941 7788783
4833 3910634 7802028
4834 3920293 7827629
4835 3926746 7778895
4836 1805402 7791564
4837 3923523 7861455
4838 3926761 7755901
4839 3930002 7832837
4840 1823837 7763009
4841 3931620 7834940
4842 3934842 7876452
4843 3933240 7802800
4844 1819123 7832198
4845 3939709 7836098
4846 3936506 7804805
4847 3934900 7781859
4848 1832638 7842300
4849 3947814 7867246
4850 3949447 7858455
4851 3951062 7870822
4852 1851535 7853848
4853 3954306 7847998
4854 3954323 7826815
4855 3957572 7811606
4856 1818466 7831674
4857 3962434 7890836
4858 3960826 7905426
4859 3965668 7916189
4860 1831277 7854513
4861 3960845 7890440
4862 3962487 7923175
4863 3968947 7857859
4864 1836817 7856603
4865 3964104 7897050
4866 3975458 7941721
4867 3972223 7920435
4868 1835793 7867738
4869 3964155 7941407
4870 3977121 7888218
4871 3981981 7863379
4872 1858101 7921505
4873 3986870 7923769
4874 3990123 7936692
4875 3990146 8018881
4876 1850835 7944690
4877 3977167 7921102
4878 3993406 7965053
4879 3998299 8000633
4880 1896682 7893000
4881 3998301 7913430
4882 4001568 7934993
4883 4004834 7942717
4884 1859605 7963771
4885 4003221 7976931
4886 4006466 7904689
4887 4009753 7982539
4888 1880151 7964036
4889 4013015 7909830
4890 4009765 7937452
4891 4017915 7925713
4892 1873418 7995667
4893 4017935 7982222
4894 4009797 8056927
4895 4019580 7925826
4896 1841458 7952182
4897 4024496 7965920
4898 4024499 7959539
4899 4026143 8058945
4900 1884432 8028463
4901 4022881 7972720
4902 4029421 8006801
4903 4037603 8004793
4904 1888478 8062245
4905 4032718 8102094
4906 4037626 7948043
4907 4040892 8066412
4908 1867583 8063734
4909 4045806 8095282
4910 4045819 8039803
4911 4045830 8013465
4912 1878183 8017580
4913 4054037 8021416
4914 4055677 8037987
4915 4052397 8006536
4916 1882256 8024944
4917 4054082 8044112
4918 4052453 8040689
4919 4060635 8051274
4920 1893167 8062164
4921 4065557 8065803
4922 4068847 8078773
4923 4070496 8104853
4924 1911502 8094334
4925 4063955 8110164
4926 4068877 8044934
4927 4070520 8095291
4928 1877652 8028919
4929 4078744 8122570
4930 4082055 8120955
4931 4082048 8090047
4932 1899652 8100112
4933 4077135 8138042
4934 4088653 8094044
4935 4088662 8155267
4936 1895651 8191820
4937 4090309 8153633
4938 4088678 8195584
4939 4095265 8092573
4940 1905929 8150776
4941 4096938 8142994
4942 4098593 8183096
4943 4103526 8163643
4944 1892357 8136744
4945 4088731 8093495
4946 4105201 8165507
4947 4106855 8175458
4948 1926323 8102978
4949 4110163 8187986
4950 4113466 8167326
4951 4116783 8134751
4952 1900696 8207704
4953 4120093 8211042
4954 4121756 8199970
4955 4123412 8217986
4956 1909937 8237377
4957 4121767 8293170
4958 4123441 8202369
4959 4126749 8145573
4960 1920251 8186862
4961 4121814 8239168
4962 4120160 8193451
4963 4128431 8221268
4964 1926856 8191956
4965 4140019 8242133
4966 4140019 8216085
4967 4141678 8129173
4968 1955209 8237455
4969 4141699 8302841
4970 4146680 8200762
4971 4149986 8242861
4972 1918290 8263524
4973 4150007 8233171
4974 4150021 8272579
4975 4154986 8158953
4976 1938946 8199032
4977 4159981 8176046
4978 4161649 8263424
4979 4163324 8248144
4980 1918962 8290814
4981 4160015 8255864
4982 4166654 8266624
4983 4165009 8213828
4984 1951328 8253812
4985 4166681 8299216
4986 4168357 8304243
4987 4171682 8328394
4988 1951853 8229649
4989 4170020 8295836
4990 4176671 8316475
4991 4180013 8259913
4992 1952625 8307202
4993 4173382 8313691
4994 4181709 8357997
4995 4185028 8320154
4996 1944463 8318807
4997 4188375 8319545
4998 4186726 8373249
4999 4196711 8298790
5000 1933425 8331061
