1 1 0 
2 3 0 
3 5 0 
4 8 1 
5 9 3 
6 12 3 
7 15 4 
8 25 6 
9 24 12 
10 29 4 
11 32 8 
12 48 10 
13 43 24 
14 51 17 
15 57 18 
16 78 17 
17 71 40 
18 81 20 
19 88 22 
20 115 35 
21 107 64 
22 115 32 
23 123 31 
24 155 42 
25 144 69 
26 154 73 
27 165 34 
28 203 29 
29 187 95 
30 197 33 
31 211 65 
32 252 34 
33 238 126 
34 251 74 
35 267 77 
36 317 79 
37 297 107 
38 313 79 
39 326 101 
40 381 63 
41 360 101 
42 377 89 
43 392 121 
44 450 104 
45 425 149 
46 443 116 
47 461 152 
48 524 171 
49 498 151 
50 518 107 
51 535 122 
52 607 123 
53 575 192 
54 595 152 
55 617 138 
56 692 186 
57 659 201 
58 680 136 
59 704 208 
60 782 147 
61 748 177 
62 768 258 
63 791 227 
64 880 182 
65 842 259 
66 868 259 
67 895 178 
68 989 193 
69 945 324 
70 974 202 
71 1000 273 
72 1096 244 
73 1055 153 
74 1081 206 
75 1111 261 
76 1211 283 
77 1165 296 
78 1196 261 
79 1225 263 
80 1333 211 
81 1286 362 
82 1316 294 
83 1344 268 
84 1456 359 
85 1410 510 
86 1441 181 
87 1471 287 
88 1589 388 
89 1536 309 
90 1567 448 
91 1604 287 
92 1726 342 
93 1669 489 
94 1702 376 
95 1738 351 
96 1866 423 
97 1803 398 
98 1844 385 
99 1881 480 
100 2016 312 
101 1951 569 
102 1988 601 
103 2026 508 
104 2168 414 
105 2100 459 
106 2142 493 
107 2181 449 
108 2325 269 
109 2256 360 
110 2297 468 
111 2336 458 
112 2485 590 
113 2417 690 
114 2456 433 
115 2499 504 
116 2652 339 
117 2579 540 
118 2618 637 
119 2664 556 
120 2823 481 
121 2747 434 
122 2793 538 
123 2831 730 
124 3002 653 
125 2921 646 
126 2967 475 
127 3011 468 
128 3186 294 
129 3108 688 
130 3152 647 
131 3202 584 
132 3380 411 
133 3296 654 
134 3345 786 
135 3389 560 
136 3578 449 
137 3487 548 
138 3540 394 
139 3594 588 
140 3776 584 
141 3692 746 
142 3743 709 
143 3798 624 
144 3989 809 
145 3894 665 
146 3950 648 
147 4005 775 
148 4196 697 
149 4110 861 
150 4166 862 
151 4211 873 
152 4423 584 
153 4319 712 
154 4388 707 
155 4441 574 
156 4649 752 
157 4546 820 
158 4598 772 
159 4660 782 
160 4875 813 
161 4776 1173 
162 4835 804 
163 4890 707 
164 5116 670 
165 5005 823 
166 5064 774 
167 5123 997 
168 5351 648 
169 5241 1216 
170 5307 1194 
171 5364 1007 
172 5604 920 
173 5486 870 
174 5549 1073 
175 5611 851 
176 5849 964 
177 5735 1014 
178 5802 1124 
179 5857 1062 
180 6108 988 
181 5988 1048 
182 6054 926 
183 6119 1068 
184 6365 1052 
185 6244 719 
186 6314 857 
187 6377 933 
188 6632 880 
189 6504 873 
190 6573 881 
191 6642 1041 
192 6898 997 
193 6777 1083 
194 6841 1101 
195 6911 1279 
196 7180 875 
197 7047 1159 
198 7122 1014 
199 7192 1076 
200 7459 887 
201 7331 1238 
202 7401 1000 
203 7470 1333 
204 7744 1188 
205 7613 1495 
206 7687 1041 
207 7758 1364 
208 8040 1046 
209 7902 1276 
210 7981 916 
211 8049 1507 
212 8336 1590 
213 8196 1257 
214 8272 1218 
215 8349 1021 
216 8642 1183 
217 8503 1439 
218 8574 1216 
219 8649 1713 
220 8947 1044 
221 8804 1368 
222 8881 1579 
223 8962 1342 
224 9257 1249 
225 9114 1756 
226 9196 1606 
227 9273 1305 
228 9579 968 
229 9428 1854 
230 9509 1382 
231 9590 1591 
232 9902 1401 
233 9757 1942 
234 9834 1343 
235 9916 1893 
236 10231 1531 
237 10083 1203 
238 10164 1038 
239 10248 1408 
240 10567 1479 
241 10411 1632 
242 10495 1649 
243 10581 1748 
244 10905 1754 
245 10752 1603 
246 10831 1858 
247 10918 1917 
248 11251 2172 
249 11092 1889 
250 11176 1490 
251 11261 1647 
252 11601 1578 
253 11434 1675 
254 11521 1990 
255 11617 1781 
256 11957 1715 
257 11790 1946 
258 11878 1613 
259 11973 2134 
260 12319 1937 
261 12155 1625 
262 12242 2288 
263 12339 1680 
264 12691 1526 
265 12526 1576 
266 12620 1439 
267 12705 1621 
268 13063 1627 
269 12898 2135 
270 12977 1283 
271 13080 1836 
272 13452 1519 
273 13268 1959 
274 13373 1655 
275 13465 2088 
276 13838 2344 
277 13657 1797 
278 13745 2095 
279 13855 1996 
280 14225 1714 
281 14045 1701 
282 14130 2173 
283 14247 1965 
284 14627 2318 
285 14442 2165 
286 14536 2109 
287 14641 2313 
288 15030 1707 
289 14836 2015 
290 14937 1853 
291 15037 2272 
292 15444 2078 
293 15245 1892 
294 15348 1920 
295 15462 2092 
296 15852 2439 
297 15660 1975 
298 15766 2587 
299 15870 2538 
300 16270 1890 
301 16075 1731 
302 16183 1940 
303 16286 2566 
304 16697 1816 
305 16497 1850 
306 16602 2469 
307 16711 1993 
308 17128 2590 
309 16925 1770 
310 17024 1837 
311 17133 2326 
312 17561 2454 
313 17345 2651 
314 17466 2710 
315 17571 2125 
316 18004 2826 
317 17781 3086 
318 17893 2177 
319 18006 2799 
320 18440 2206 
321 18227 2857 
322 18337 2953 
323 18451 2364 
324 18888 2381 
325 18678 3040 
326 18790 2784 
327 18902 2491 
328 19347 2434 
329 19129 2549 
330 19242 3508 
331 19358 2206 
332 19808 1979 
333 19593 2458 
334 19702 1946 
335 19817 2609 
336 20268 2876 
337 20053 3264 
338 20171 2715 
339 20281 2913 
340 20743 2414 
341 20519 3092 
342 20645 3177 
343 20761 2400 
344 21227 3261 
345 21000 2306 
346 21126 2312 
347 21233 2699 
348 21703 3058 
349 21477 2970 
350 21600 2346 
351 21706 2325 
352 22193 2728 
353 21951 3246 
354 22075 3512 
355 22191 2968 
356 22676 3893 
357 22447 2815 
358 22570 2761 
359 22697 2778 
360 23179 3105 
361 22932 2735 
362 23070 2813 
363 23193 2886 
364 23674 3071 
365 23447 3107 
366 23566 2790 
367 23683 3090 
368 24183 2906 
369 23935 2006 
370 24077 2183 
371 24196 2643 
372 24691 3329 
373 24448 3361 
374 24585 2649 
375 24712 3054 
376 25207 2634 
377 24967 3635 
378 25094 3159 
379 25234 3304 
380 25735 3256 
381 25481 3771 
382 25617 3354 
383 25747 4142 
384 26264 2551 
385 26003 4065 
386 26153 2266 
387 26277 4581 
388 26803 3371 
389 26540 4170 
390 26680 3991 
391 26824 3137 
392 27344 3675 
393 27095 3140 
394 27224 3569 
395 27360 4291 
396 27884 3225 
397 27639 2883 
398 27761 3373 
399 27899 3573 
400 28441 4133 
401 28177 3490 
402 28312 2381 
403 28457 2920 
404 29004 3753 
405 28731 4784 
406 28871 2838 
407 29013 3693 
408 29553 2911 
409 29285 4428 
410 29424 3327 
411 29572 3745 
412 30126 3747 
413 29849 3731 
414 29981 4817 
415 30137 3200 
416 30699 4141 
417 30426 4615 
418 30564 3519 
419 30706 3889 
420 31265 3445 
421 31005 3427 
422 31134 3173 
423 31268 4607 
424 31858 3462 
425 31587 4654 
426 31720 4528 
427 31867 4009 
428 32436 4844 
429 32152 3661 
430 32309 3454 
431 32452 4529 
432 33038 3142 
433 32753 4700 
434 32899 4754 
435 33054 3947 
436 33638 3500 
437 33350 3785 
438 33500 4262 
439 33642 3377 
440 34250 4465 
441 33946 4015 
442 34094 4334 
443 34239 3958 
444 34844 4281 
445 34547 4180 
446 34696 4840 
447 34853 4507 
448 35458 4012 
449 35167 3560 
450 35314 3677 
451 35478 4257 
452 36076 4311 
453 35789 4586 
454 35937 3244 
455 36089 3594 
456 36703 4353 
457 36399 5263 
458 36539 4679 
459 36722 3412 
460 37327 4491 
461 37023 4572 
462 37188 4515 
463 37350 4574 
464 37973 4924 
465 37662 3998 
466 37811 4987 
467 37978 5286 
468 38604 3922 
469 38290 5283 
470 38460 5834 
471 38625 4858 
472 39251 4739 
473 38942 4625 
474 39106 5130 
475 39259 4853 
476 39907 5169 
477 39592 4165 
478 39745 4599 
479 39922 5755 
480 40558 5422 
481 40230 5100 
482 40404 4673 
483 40574 4225 
484 41221 4139 
485 40885 6111 
486 41071 3464 
487 41226 5291 
488 41885 4998 
489 41560 4796 
490 41719 5173 
491 41900 5301 
492 42562 4570 
493 42241 4991 
494 42397 5854 
495 42566 5891 
496 43239 5871 
497 42907 5444 
498 43078 4773 
499 43246 4674 
500 43899 5518 
501 43589 4737 
502 43745 5159 
503 43933 5087 
504 44608 5603 
505 44271 5583 
506 44450 4680 
507 44617 5351 
508 45293 5418 
509 44948 5054 
510 45131 6268 
511 45298 6048 
512 45999 4753 
513 45666 5342 
514 45833 4135 
515 46000 5420 
516 46693 4808 
517 46354 5599 
518 46532 4809 
519 46723 7143 
520 47418 6047 
521 47075 5180 
522 47261 5585 
523 47452 6004 
524 48144 5159 
525 47800 5204 
526 47969 5204 
527 48159 5597 
528 48866 5371 
529 48516 6276 
530 48704 6021 
531 48890 5808 
532 49591 7114 
533 49243 6238 
534 49441 5119 
535 49619 4913 
536 50338 5411 
537 49994 5497 
538 50173 5729 
539 50344 5874 
540 51072 5788 
541 50718 5836 
542 50914 4935 
543 51086 6436 
544 51811 4483 
545 51462 4750 
546 51662 4855 
547 51840 7100 
548 52579 5685 
549 52217 5475 
550 52396 6231 
551 52599 7510 
552 53338 5276 
553 52953 5068 
554 53156 6849 
555 53345 5083 
556 54089 6708 
557 53734 7577 
558 53923 5508 
559 54096 5013 
560 54861 6535 
561 54486 5816 
562 54685 6151 
563 54889 7439 
564 55628 6545 
565 55263 6939 
566 55456 6027 
567 55642 5897 
568 56409 4921 
569 56032 7230 
570 56233 6723 
571 56441 6869 
572 57192 6150 
573 56809 5300 
574 57001 5989 
575 57218 6567 
576 57983 5953 
577 57600 5910 
578 57803 6742 
579 58005 5670 
580 58792 5685 
581 58412 6529 
582 58596 6447 
583 58799 7317 
584 59588 8724 
585 59190 6876 
586 59391 8542 
587 59587 6855 
588 60391 7072 
589 59999 8011 
590 60179 7209 
591 60391 6885 
592 61198 6202 
593 60800 7212 
594 61014 7015 
595 61220 7182 
596 62000 6295 
597 61613 7202 
598 61823 6318 
599 62023 6349 
600 62817 7912 
601 62444 6923 
602 62640 7141 
603 62834 7483 
604 63670 6922 
605 63252 9078 
606 63466 8051 
607 63647 7988 
608 64482 6248 
609 64087 7022 
610 64288 6121 
611 64498 6552 
612 65325 5133 
613 64936 8187 
614 65113 7904 
615 65332 7311 
616 66156 8895 
617 65750 6897 
618 65977 6930 
619 66179 6944 
620 67002 7053 
621 66584 7334 
622 66785 6189 
623 67004 6613 
624 67866 7387 
625 67433 8960 
626 67659 9156 
627 67858 7585 
628 68714 7720 
629 68287 6007 
630 68500 7668 
631 68712 7990 
632 69568 7775 
633 69162 8208 
634 69363 8363 
635 69583 8056 
636 70442 6639 
637 70020 6921 
638 70228 7864 
639 70450 7760 
640 71310 7734 
641 70880 8850 
642 71124 7619 
643 71322 8059 
644 72204 7848 
645 71762 8270 
646 71987 8386 
647 72200 7243 
648 73099 6813 
649 72632 8823 
650 72872 7533 
651 73091 7867 
652 73973 8152 
653 73534 6758 
654 73750 8397 
655 73977 8584 
656 74846 6605 
657 74433 8745 
658 74643 10269 
659 74875 7559 
660 75753 9432 
661 75335 8208 
662 75551 7244 
663 75770 7792 
664 76673 7415 
665 76234 8471 
666 76459 7658 
667 76690 8329 
668 77579 8443 
669 77142 8432 
670 77369 9423 
671 77586 10092 
672 78488 8785 
673 78031 8351 
674 78299 7676 
675 78507 9335 
676 79411 7426 
677 78971 7593 
678 79200 8809 
679 79442 10562 
680 80340 6419 
681 79887 9366 
682 80121 8173 
683 80360 8709 
684 81271 8927 
685 80815 9546 
686 81045 8310 
687 81292 11531 
688 82221 9568 
689 81758 6698 
690 81991 8742 
691 82218 9769 
692 83165 9804 
693 82699 9088 
694 82944 10510 
695 83158 11239 
696 84093 9670 
697 83619 10169 
698 83878 9942 
699 84119 8062 
700 85067 9576 
701 84593 9117 
702 84828 9184 
703 85062 7663 
704 86006 7536 
705 85549 8539 
706 85782 8773 
707 86015 9805 
708 86976 8782 
709 86493 9794 
710 86745 10216 
711 86986 7947 
712 87937 10186 
713 87460 8413 
714 87707 8194 
715 87958 8363 
716 88916 10610 
717 88416 10315 
718 88687 7299 
719 88918 9746 
720 89884 10975 
721 89417 10342 
722 89664 11286 
723 89908 10739 
724 90878 10982 
725 90381 10260 
726 90655 11134 
727 90889 10893 
728 91858 9614 
729 91368 9249 
730 91617 9736 
731 91887 9516 
732 92864 8336 
733 92373 11479 
734 92612 9965 
735 92872 9700 
736 93859 10891 
737 93369 9528 
738 93611 11331 
739 93866 8900 
740 94849 12357 
741 94369 9902 
742 94627 11217 
743 94879 8932 
744 95866 10800 
745 95386 10571 
746 95635 10351 
747 95889 11392 
748 96878 12277 
749 96372 9904 
750 96637 9311 
751 96887 9712 
752 97903 9465 
753 97402 11088 
754 97668 10693 
755 97908 10163 
756 98921 11437 
757 98435 10608 
758 98672 10318 
759 98951 11245 
760 99972 10493 
761 99463 11520 
762 99706 10260 
763 99970 11281 
764 101007 11155 
765 100498 10509 
766 100757 9922 
767 101009 11662 
768 102043 10092 
769 101528 12142 
770 101790 8114 
771 102054 11230 
772 103089 10646 
773 102577 9445 
774 102838 11129 
775 103119 10036 
776 104127 11999 
777 103621 10303 
778 103901 8459 
779 104164 10962 
780 105209 11425 
781 104703 11919 
782 104962 12036 
783 105226 11204 
784 106281 9331 
785 105776 12680 
786 106033 12012 
787 106295 10154 
788 107345 10738 
789 106825 11345 
790 107090 10768 
791 107368 10534 
792 108409 11155 
793 107912 14048 
794 108179 12141 
795 108439 11263 
796 109492 11870 
797 108981 11138 
798 109241 10866 
799 109516 12799 
800 110582 12222 
801 110053 10549 
802 110343 10736 
803 110603 12357 
804 111675 11744 
805 111147 12905 
806 111430 10818 
807 111710 11961 
808 112775 11503 
809 112232 13642 
810 112517 12223 
811 112806 10522 
812 113876 13858 
813 113349 9739 
814 113612 14000 
815 113885 12730 
816 114988 12586 
817 114428 11144 
818 114737 13190 
819 114995 13787 
820 116101 10313 
821 115544 11087 
822 115834 11292 
823 116113 13436 
824 117193 11164 
825 116661 13038 
826 116958 12578 
827 117245 13134 
828 118343 11017 
829 117788 12675 
830 118072 11889 
831 118348 12309 
832 119457 12239 
833 118924 10659 
834 119174 10883 
835 119466 12795 
836 120608 11239 
837 120053 12051 
838 120338 14313 
839 120613 12936 
840 121740 15864 
841 121178 15782 
842 121452 11652 
843 121743 11992 
844 122894 10660 
845 122316 11704 
846 122620 11965 
847 122908 13761 
848 124041 13280 
849 123458 13655 
850 123770 10711 
851 124050 13302 
852 125175 11117 
853 124610 11710 
854 124896 12521 
855 125203 12640 
856 126330 11414 
857 125756 12966 
858 126077 14295 
859 126359 12745 
860 127495 12669 
861 126947 15439 
862 127245 10407 
863 127525 14203 
864 128697 11985 
865 128118 13054 
866 128393 13001 
867 128684 13997 
868 129871 11824 
869 129298 13507 
870 129601 12269 
871 129868 14099 
872 131058 13435 
873 130464 12605 
874 130758 12699 
875 131079 12824 
876 132235 12157 
877 131629 12076 
878 131940 12306 
879 132247 14631 
880 133426 12847 
881 132839 14481 
882 133143 11884 
883 133437 13231 
884 134622 12816 
885 134040 15394 
886 134342 14324 
887 134643 13680 
888 135833 11021 
889 135241 14321 
890 135544 14897 
891 135829 15279 
892 137027 14130 
893 136423 13726 
894 136759 13331 
895 137038 13328 
896 138250 11513 
897 137644 13909 
898 137951 16043 
899 138238 15268 
900 139456 14025 
901 138870 14110 
902 139173 14300 
903 139472 16031 
904 140677 12981 
905 140089 12414 
906 140391 13973 
907 140710 13291 
908 141903 14230 
909 141294 17867 
910 141623 13991 
911 141921 13642 
912 143161 16886 
913 142566 12107 
914 142854 13312 
915 143154 14724 
916 144385 15357 
917 143802 15744 
918 144105 14007 
919 144394 14921 
920 145643 15513 
921 145020 14806 
922 145333 15438 
923 145662 16036 
924 146890 15024 
925 146283 15794 
926 146576 13197 
927 146887 15565 
928 148135 15726 
929 147526 14533 
930 147836 15567 
931 148151 15339 
932 149413 15515 
933 148794 15930 
934 149112 15920 
935 149402 14299 
936 150677 16277 
937 150066 15071 
938 150378 15556 
939 150685 14333 
940 151952 14184 
941 151313 14070 
942 151633 16289 
943 151969 14100 
944 153229 16238 
945 152573 15845 
946 152918 13518 
947 153213 17332 
948 154498 18333 
949 153877 13461 
950 154177 14175 
951 154522 16320 
952 155784 14266 
953 155153 15300 
954 155456 14822 
955 155786 15856 
956 157083 15079 
957 156448 13022 
958 156760 14378 
959 157081 16061 
960 158360 16429 
961 157729 14959 
962 158056 15404 
963 158395 17469 
964 159673 14262 
965 159036 15754 
966 159349 19937 
967 159693 19072 
968 161000 16246 
969 160332 16186 
970 160677 14863 
971 161002 14499 
972 162291 17785 
973 161619 13662 
974 161970 16089 
975 162277 14677 
976 163617 17512 
977 162966 15811 
978 163304 15377 
979 163615 18749 
980 164933 15218 
981 164284 17663 
982 164617 19290 
983 164943 15749 
984 166238 16197 
985 165616 18169 
986 165936 17179 
987 166283 14102 
988 167598 18656 
989 166942 20091 
990 167291 18402 
991 167622 16680 
992 168933 15956 
993 168253 16667 
994 168595 15377 
995 168951 17143 
996 170297 17213 
997 169634 15235 
998 169944 15958 
999 170287 17472 
1000 171629 18540 
