1 0 0 0
2 1 0 1
3 2 2 2
4 3 2 2
5 4 6 4
6 5 5 4
7 6 6 8
8 7 1 2
9 8 13 19
10 9 13 4
11 10 23 20
12 11 21 12
13 12 43 37
14 13 26 21
15 14 21 23
16 15 24 23
17 16 46 60
18 17 23 30
19 18 35 36
20 19 35 35
21 20 77 95
22 21 29 37
23 22 40 47
24 23 48 46
25 24 61 97
26 25 40 50
27 26 35 38
28 27 72 76
29 28 61 119
30 29 79 86
31 30 76 80
32 31 37 47
33 32 120 163
34 33 101 116
35 34 87 94
36 35 86 100
37 36 102 150
38 37 111 129
39 38 165 169
40 39 141 148
41 40 158 201
42 41 158 175
43 42 199 198
44 43 152 162
45 44 115 157
46 45 132 145
47 46 146 163
48 47 151 165
49 48 191 226
50 49 147 166
51 50 193 224
52 51 141 157
53 52 169 212
54 53 241 282
55 54 160 166
56 55 209 231
57 56 206 287
58 57 226 262
59 58 266 314
60 59 199 209
61 60 122 163
62 61 261 301
63 62 231 256
64 63 309 370
65 64 270 324
66 65 329 369
67 66 332 384
68 67 286 342
69 68 273 349
70 69 274 335
71 70 273 377
72 71 289 356
73 72 386 477
74 73 304 337
75 74 180 235
76 75 377 420
77 76 302 332
78 77 610 666
79 78 341 405
80 79 228 241
81 80 224 290
82 81 353 400
83 82 319 375
84 83 462 501
85 84 621 752
86 85 188 248
87 86 333 398
88 87 519 550
89 88 360 444
90 89 584 653
91 90 360 404
92 91 430 496
93 92 668 707
94 93 487 539
95 94 458 500
96 95 527 617
97 96 516 566
98 97 485 557
99 98 635 690
100 99 383 450
101 100 760 825
102 101 797 887
103 102 673 741
104 103 555 587
105 104 573 681
106 105 670 705
107 106 596 640
108 107 321 375
109 108 439 516
110 109 610 672
111 110 574 671
112 111 784 863
113 112 925 1011
114 113 533 634
115 114 656 729
116 115 423 478
117 116 705 781
118 117 863 924
119 118 727 809
120 119 648 680
121 120 535 625
122 121 695 778
123 122 941 1096
124 123 893 938
125 124 837 952
126 125 608 678
127 126 606 664
128 127 364 392
129 128 652 799
130 129 589 684
131 130 598 692
132 131 841 930
133 132 977 1096
134 133 843 898
135 134 650 789
136 135 1036 1131
137 136 754 810
138 137 757 864
139 138 591 695
140 139 958 1035
141 140 704 789
142 141 902 982
143 142 934 1006
144 143 819 900
145 144 787 901
146 145 1001 1124
147 146 862 971
148 147 723 731
149 148 913 959
150 149 546 640
151 150 1345 1504
152 151 786 893
153 152 756 867
154 153 1105 1211
155 154 999 1153
156 155 789 896
157 156 1099 1271
158 157 1068 1230
159 158 952 1015
160 159 763 824
161 160 1434 1609
162 161 1425 1545
163 162 1042 1155
164 163 1265 1367
165 164 870 947
166 165 1149 1287
167 166 811 997
168 167 915 983
169 168 1176 1379
170 169 1419 1641
171 170 1022 1136
172 171 1120 1219
173 172 1577 1721
174 173 1235 1315
175 174 849 952
176 175 1463 1567
177 176 1089 1264
178 177 1673 1817
179 178 1089 1227
180 179 918 979
181 180 1653 1868
182 181 1101 1181
183 182 1170 1368
184 183 1010 1158
185 184 1278 1435
186 185 1283 1485
187 186 1245 1347
188 187 1919 2115
189 188 1163 1314
190 189 1185 1281
191 190 1625 1842
192 191 1203 1369
193 192 1321 1474
194 193 929 1048
195 194 1294 1437
196 195 1282 1371
197 196 1677 1852
198 197 2341 2466
199 198 1823 1982
200 199 1487 1642
201 200 1157 1217
202 201 1361 1508
203 202 1697 1824
204 203 1829 2001
205 204 1806 1944
206 205 1500 1601
207 206 1253 1389
208 207 1153 1185
209 208 1639 1789
210 209 1865 2020
211 210 1736 1871
212 211 1871 2063
213 212 1706 1827
214 213 1783 1987
215 214 1283 1468
216 215 1881 2036
217 216 1954 2065
218 217 1907 2139
219 218 1898 2062
220 219 1680 1765
221 220 2206 2403
222 221 1758 1993
223 222 1688 1836
224 223 1704 1787
225 224 2451 2612
226 225 1877 1999
227 226 2188 2351
228 227 1450 1597
229 228 2160 2336
230 229 2333 2455
231 230 2254 2328
232 231 1574 1760
233 232 1618 1780
234 233 2269 2447
235 234 1902 2086
236 235 1701 1927
237 236 1904 2092
238 237 2324 2500
239 238 1680 1901
240 239 1774 1898
241 240 2145 2375
242 241 2047 2156
243 242 1397 1502
244 243 1996 2105
245 244 2520 2742
246 245 2449 2525
247 246 2040 2163
248 247 2433 2563
249 248 2818 3034
250 249 1894 2045
251 250 2013 2151
252 251 1888 1994
253 252 2518 2747
254 253 2683 2853
255 254 1700 1755
256 255 2273 2543
257 256 2044 2203
258 257 2250 2511
259 258 2699 2965
260 259 2024 2126
261 260 2285 2488
262 261 2236 2426
263 262 2171 2426
264 263 2681 2836
265 264 3038 3212
266 265 3795 4042
267 266 3237 3366
268 267 2445 2530
269 268 2362 2709
270 269 2267 2379
271 270 2914 3088
272 271 2187 2239
273 272 2797 3141
274 273 3344 3531
275 274 2432 2611
276 275 2838 3010
277 276 2634 2765
278 277 3570 3808
279 278 2774 2949
280 279 2898 3092
281 280 2378 2523
282 281 2383 2514
283 282 2016 2186
284 283 2440 2638
285 284 3454 3656
286 285 2786 3023
287 286 3547 3728
288 287 2383 2507
289 288 2329 2523
290 289 2635 2777
291 290 2559 2719
292 291 2617 2772
293 292 3652 3882
294 293 2745 2920
295 294 2920 3129
296 295 2684 2888
297 296 3789 4055
298 297 2903 3008
299 298 2931 3210
300 299 2494 2608
301 300 3101 3293
302 301 3005 3147
303 302 3421 3616
304 303 3053 3260
305 304 3340 3575
306 305 3284 3449
307 306 2372 2473
308 307 2662 2922
309 308 3071 3001
310 309 3523 3800
311 310 2761 2999
312 311 2557 2682
313 312 3339 3516
314 313 2834 2945
315 314 3985 4298
316 315 2575 2793
317 316 3460 3667
318 317 3869 4143
319 318 2930 3164
320 319 3262 3468
321 320 3557 3775
322 321 4023 4351
323 322 3386 3533
324 323 3970 4160
325 324 2628 2867
326 325 3028 3128
327 326 3920 4302
328 327 2541 2725
329 328 3369 3764
330 329 3791 4132
331 330 3728 3988
332 331 3121 3260
333 332 3533 3664
334 333 3602 3814
335 334 2912 2961
336 335 4403 4611
337 336 2964 3223
338 337 4484 4897
339 338 3734 3944
340 339 3942 4172
341 340 4054 4219
342 341 3672 3969
343 342 4035 4338
344 343 3391 3701
345 344 3324 3524
346 345 3586 3790
347 346 3996 4206
348 347 3366 3610
349 348 5337 5564
350 349 2958 3274
351 350 2726 3045
352 351 4454 4841
353 352 4418 4642
354 353 3869 4157
355 354 4761 5126
356 355 4981 5195
357 355 3652 3870
358 357 3769 4129
359 358 4182 4382
360 359 3483 3720
361 360 4635 4864
362 361 4221 4514
363 362 3771 4044
364 363 3475 3624
365 364 4955 5229
366 365 3225 3446
367 366 4512 4780
368 367 3912 4047
369 368 4459 4751
370 369 3931 4078
371 370 5800 6069
372 371 4693 5041
373 372 4030 4293
374 373 3538 3795
375 374 4102 4537
376 375 5046 5293
377 376 4641 4971
378 377 4617 4993
379 378 4466 4714
380 379 3673 4040
381 380 5125 5562
382 381 4502 4767
383 382 4803 5058
384 383 4113 4367
385 384 6987 7390
386 385 4660 4902
387 386 3352 3520
388 387 3914 4158
389 388 5075 5318
390 389 4810 5222
391 390 5767 6180
392 391 5510 5952
393 392 3390 3601
394 393 4343 4703
395 394 4662 4955
396 395 6734 7037
397 396 5117 5378
398 397 5609 5886
399 398 3982 4277
400 399 5785 6055
401 400 4796 5122
402 401 5493 5648
403 402 5798 6069
404 402 4177 4323
405 404 4509 4840
406 405 5817 6142
407 406 5246 5474
408 407 5178 5516
409 408 5401 5736
410 409 5671 5968
411 410 5278 5397
412 411 6473 6828
413 412 5058 5320
414 413 3595 3724
415 414 4646 4904
416 415 5517 5723
417 416 5407 5735
418 417 4943 5249
419 418 4675 4910
420 419 5665 5848
421 420 4264 4481
422 421 4786 5090
423 422 4447 4771
424 423 5118 5351
425 424 5260 5737
426 425 5302 5736
427 426 5211 5420
428 427 5460 5720
429 428 6456 6726
430 429 6753 7165
431 430 5976 6106
432 431 4927 5146
433 432 5842 6187
434 433 6017 6522
435 434 4383 4600
436 435 5341 5613
437 436 6125 6602
438 437 5714 6019
439 438 5757 6079
440 439 4485 4762
441 440 6680 7188
442 441 6542 6868
443 442 6306 6717
444 443 6694 6944
445 444 5774 5944
446 445 6692 7059
447 446 7160 7457
448 447 6487 6752
449 448 5992 6321
450 449 6391 6799
451 450 6968 7229
452 451 6922 7220
453 452 6524 6920
454 453 5568 5881
455 454 6386 6724
456 455 5220 5475
457 456 6844 7188
458 457 6317 6662
459 458 5722 5947
460 459 6835 7114
461 460 6610 6959
462 461 5755 6193
463 462 6003 6407
464 463 6521 6703
465 464 5618 5919
466 465 5690 5981
467 466 5931 6253
468 467 6401 6736
469 468 7415 7721
470 469 4967 5153
471 470 5441 5669
472 471 7300 7686
473 472 6048 6329
474 473 5843 6273
475 474 6823 7300
476 475 9012 9447
477 476 7750 7987
478 477 7682 8306
479 478 8233 8520
480 479 6625 7016
481 480 7152 7384
482 481 6811 7002
483 482 7565 7913
484 483 5482 5751
485 484 6950 7233
486 485 7283 7674
487 486 8019 8266
488 487 5761 5938
489 488 6937 7284
490 489 8442 8749
491 490 5571 5815
492 491 6381 6703
493 492 6289 6469
494 493 7167 7458
495 494 6190 6555
496 495 6084 6296
497 496 6407 6791
498 497 8012 8394
499 498 6733 7076
500 499 5945 6095
501 500 6267 6596
502 501 7565 7783
503 502 8014 8346
504 503 7223 7473
505 504 5872 6029
506 505 6167 6373
507 506 9014 9501
508 507 6496 6699
509 508 7742 8059
510 509 7323 7770
511 510 8272 8871
512 511 7777 8131
513 512 7059 7426
514 513 6679 7161
515 514 8089 8470
516 515 7589 7911
517 516 7168 7405
518 517 8800 9307
519 518 7120 7464
520 519 7759 8100
521 520 8350 8869
522 521 9533 9871
523 522 6400 6809
524 523 7973 8510
525 524 9648 10011
526 525 6657 7060
527 526 7339 7593
528 527 8683 8994
529 528 10020 10640
530 529 7577 7986
531 530 8208 8554
532 531 7534 7854
533 532 8090 8563
534 533 9522 9958
535 534 8178 8556
536 535 7629 8016
537 536 8391 8790
538 537 9105 9342
539 538 7967 8211
540 539 7242 7393
541 540 8879 9342
542 541 10020 10399
543 542 7265 7769
544 543 8773 9050
545 544 7849 8223
546 545 7876 8317
547 546 8071 8479
548 547 7274 7597
549 548 7668 8017
550 549 9368 9686
551 550 9159 9439
552 551 6960 7306
553 552 7408 7663
554 553 9663 10127
555 554 8188 8480
556 555 10849 11178
557 556 9490 9984
558 557 8347 8763
559 558 9276 9674
560 559 8417 8660
561 560 9241 9757
562 561 8756 8976
563 562 8963 9506
564 563 9476 9770
565 564 9360 10009
566 565 8367 8816
567 566 7569 8012
568 567 8807 9198
569 568 8403 8685
570 569 8526 8838
571 570 9742 10197
572 571 9608 10053
573 572 8497 8846
574 573 9061 9486
575 574 10774 11302
576 575 9778 10341
577 576 9874 10346
578 577 9630 9914
579 578 11235 11794
580 579 8306 8576
581 580 8689 9164
582 581 9863 10499
583 582 8870 9009
584 583 10109 10553
585 584 9759 9832
586 585 8130 8542
587 586 9356 9729
588 587 11341 11864
589 588 10823 11291
590 589 8736 9026
591 590 8427 8593
592 591 8806 9107
593 592 8580 9120
594 593 10000 10403
595 594 7424 7724
596 595 8432 8796
597 596 9404 9672
598 597 8547 8773
599 598 9876 10154
600 599 9769 10196
601 600 8634 9066
602 601 9267 9760
603 602 11043 11583
604 603 10110 10552
605 604 12839 13256
606 605 9384 9924
607 606 9260 9862
608 607 9299 9596
609 608 10083 10349
610 609 8041 8304
611 610 11656 12190
612 611 7989 8155
613 612 11153 11448
614 613 9465 9920
615 614 8897 9187
616 615 11237 11666
617 616 10948 11249
618 617 9016 9384
619 618 9229 9670
620 619 10823 11417
621 620 11649 11884
622 621 9918 10354
623 622 11100 11576
624 623 11603 12277
625 624 11433 12129
626 625 10440 10792
627 626 10539 10981
628 627 9215 9569
629 628 9969 10516
630 629 11034 11549
631 630 12455 13009
632 631 11276 11754
633 632 12724 13418
634 633 10312 10726
635 634 12430 12973
636 635 11284 11718
637 636 10084 10395
638 637 10720 11423
639 638 10693 11277
640 639 10835 11079
641 640 11724 12157
642 641 11439 11899
643 642 9202 9648
644 643 11192 11666
645 644 11614 12080
646 645 11634 12011
647 646 11656 11988
648 647 11884 12422
649 648 12052 12535
650 649 12954 13521
651 650 13709 14477
652 651 12232 12847
653 652 11712 12339
654 653 10743 11223
655 654 11969 12353
656 655 8485 9024
657 656 11496 12050
658 657 11499 11960
659 658 10948 11576
660 659 11241 11576
661 660 10944 11451
662 661 10404 10670
663 662 14874 15516
664 663 9987 10428
665 664 11213 11490
666 665 9657 10034
667 666 11780 12211
668 667 12130 12462
669 668 12064 12692
670 669 13173 13666
671 670 11945 12439
672 671 11019 11505
673 672 14531 15014
674 673 12529 13139
675 674 12983 13474
676 675 11848 12087
677 676 12886 13203
678 677 13750 14390
679 678 11448 11893
680 679 12791 13410
681 680 13610 14278
682 681 15387 15845
683 682 11656 12370
684 683 10229 10583
685 684 13887 14504
686 685 13123 13389
687 686 9891 10259
688 687 10152 10560
689 688 10095 10338
690 689 13927 14440
691 690 12252 12732
692 691 12034 12456
693 692 13477 13975
694 693 12764 13366
695 694 12570 13000
696 695 11899 12606
697 696 12711 13354
698 697 12319 12758
699 698 13998 14639
700 699 12063 12411
701 700 13688 14295
702 701 12869 13375
703 702 12986 13468
704 703 14275 14792
705 704 12088 12361
706 705 12260 12599
707 706 12644 13074
708 707 12408 13023
709 708 18037 18640
710 709 13712 14223
711 710 14904 15636
712 711 13434 14191
713 712 11096 11437
714 713 14717 15493
715 714 12524 13043
716 715 13407 13893
717 716 16107 16638
718 717 12744 13413
719 718 12740 13219
720 719 13727 14372
721 720 16399 17012
722 721 15460 15935
723 722 12383 12820
724 723 13447 14053
725 724 11731 12144
726 725 13068 13741
727 726 17650 18420
728 727 11532 11909
729 728 15467 16385
730 729 16911 17669
731 730 13789 14152
732 731 10431 10825
733 732 13438 14114
734 733 14053 14602
735 734 12873 13178
736 735 15525 15846
737 736 12715 13287
738 737 15747 16513
739 738 17071 17686
740 739 14998 15613
741 740 13987 14599
742 741 14761 15291
743 742 13564 14044
744 743 14171 14669
745 744 14491 15027
746 745 13993 14598
747 746 14347 14790
748 747 15016 15441
749 748 14922 15355
750 749 13001 13631
751 750 13447 14040
752 751 13415 13938
753 752 15648 16270
754 753 16458 17044
755 754 17663 18097
756 755 17691 18313
757 756 13963 14553
758 757 16114 16796
759 758 14565 14984
760 759 12429 12930
761 760 13311 14156
762 761 16542 17127
763 762 13955 14303
764 763 14565 15033
765 764 14343 15043
766 765 14757 15292
767 766 15462 16134
768 767 14821 15340
769 768 17853 18482
770 769 13377 13996
771 770 14431 14936
772 771 15461 15791
773 772 14804 15276
774 773 16145 16771
775 774 15440 16044
776 775 13543 13983
777 776 14909 15261
778 777 15456 16009
779 778 16765 17175
780 779 15507 16093
781 780 14884 15347
782 781 18061 18592
783 782 17873 18461
784 783 19430 19969
785 784 18661 19341
786 785 13432 13773
787 786 16698 17210
788 787 15237 15871
789 788 15025 15452
790 789 17274 18143
791 790 15363 16075
792 791 17916 18604
793 792 13724 14252
794 793 16579 16880
795 794 15465 15861
796 795 15534 16242
797 796 16895 17226
798 797 15180 15647
799 798 13775 14218
800 799 16953 17457
801 800 16851 17693
802 801 14334 14695
803 802 17300 17914
804 803 15678 16527
805 804 17468 18099
806 805 18365 19045
807 806 17875 18412
808 807 16848 17226
809 808 14689 15115
810 809 16677 17084
811 810 14232 14418
812 811 18105 18850
813 812 16957 17400
814 813 17747 18488
815 814 17655 18418
816 815 19636 20663
817 816 19129 19719
818 817 18673 19366
819 818 15251 16041
820 819 16280 16860
821 820 16104 16918
822 821 20104 20916
823 822 16818 17466
824 823 17007 17395
825 824 18478 19321
826 825 17497 18010
827 826 19560 20056
828 827 17125 17434
829 828 16014 16570
830 829 14321 14688
831 830 20327 21074
832 831 18974 19674
833 832 17674 18343
834 833 16633 17031
835 834 16548 17064
836 835 19365 20088
837 836 17823 18436
838 837 18827 19256
839 838 20841 21398
840 839 19246 19788
841 840 17841 18712
842 841 18025 18492
843 842 16841 17341
844 843 22568 23244
845 844 18807 19395
846 845 18495 19071
847 846 21159 21542
848 847 19409 20063
849 848 18947 19718
850 849 18543 19326
851 850 18028 18529
852 851 16981 17351
853 852 19128 19717
854 853 19476 20404
855 854 19876 20447
856 855 20819 21520
857 856 15050 15216
858 857 18391 19140
859 858 20206 20830
860 859 19435 20210
861 860 21662 22349
862 861 18833 19553
863 862 18370 18958
864 863 19173 19786
865 864 18639 19262
866 865 19976 20653
867 866 17111 17664
868 867 23680 24787
869 868 19782 20335
870 869 17823 18402
871 870 20167 20722
872 871 21722 22138
873 872 23160 23993
874 873 19896 20503
875 874 19825 20360
876 875 19890 20568
877 876 20163 21068
878 877 18050 18541
879 878 19568 20358
880 879 14003 14319
881 880 19883 20400
882 881 17967 18529
883 882 19075 19723
884 883 20476 21193
885 884 19657 20684
886 885 20283 20930
887 886 18042 18519
888 887 18007 18636
889 888 21716 22540
890 889 16753 17293
891 890 22126 22674
892 891 17738 18259
893 892 23927 24770
894 893 21937 22553
895 894 19240 19922
896 895 19921 20537
897 896 18365 18920
898 897 23099 23814
899 898 21832 22393
900 899 18558 19089
901 900 23285 23956
902 901 20447 21227
903 902 18497 19398
904 903 20546 21379
905 904 20452 21250
906 905 20213 20949
907 906 18252 18865
908 907 21244 21967
909 908 21854 22556
910 909 19950 20348
911 910 19135 19746
912 911 20299 20660
913 912 21769 22274
914 913 19396 19894
915 914 20493 20998
916 915 19572 20456
917 916 23130 23740
918 917 25588 26493
919 918 25277 26005
920 919 21883 22525
921 920 23118 23911
922 921 22098 22790
923 922 22853 23530
924 923 22556 23189
925 924 20483 21242
926 925 16698 17315
927 926 17718 18121
928 927 21453 22185
929 928 19427 19950
930 929 18835 19281
931 930 21802 22426
932 931 21226 22148
933 932 24117 24771
934 933 22643 23366
935 934 17669 17788
936 935 20759 21430
937 936 21006 21385
938 937 23502 24059
939 938 20314 20940
940 939 24581 25218
941 940 24955 25787
942 941 22704 23223
943 942 21625 22264
944 943 19852 20309
945 944 25106 26053
946 945 24146 24777
947 946 23879 24723
948 947 20631 21339
949 948 21383 22299
950 949 23080 24032
951 950 24001 24834
952 951 21470 22073
953 952 19054 19926
954 953 23872 24505
955 954 21755 22583
956 955 20318 21021
957 956 20110 20601
958 957 24089 24793
959 958 23953 24721
960 959 21548 22068
961 960 23358 24264
962 961 24551 25142
963 962 27090 28019
964 963 22848 23602
965 964 23887 24804
966 965 27350 27875
967 966 25388 26175
968 967 21508 21930
969 968 20021 20364
970 969 22937 23684
971 970 25100 26148
972 971 22624 23421
973 972 22695 23369
974 973 25774 26521
975 974 25336 25981
976 975 22311 22971
977 976 25127 26001
978 977 21490 22342
979 978 25788 26628
980 979 25326 26091
981 980 29485 30357
982 981 21305 21920
983 982 18887 19161
984 983 21941 22306
985 984 22708 23620
986 985 23402 24244
987 986 22717 23289
988 987 22364 23122
989 988 21500 22180
990 989 21607 22236
991 990 23952 24671
992 991 18868 19350
993 992 22246 22807
994 993 24044 24825
995 994 26424 26934
996 995 25225 25964
997 996 27873 28867
998 997 22599 23276
999 998 23579 24326
1000 999 24188 24935
