1 1 1 1
2 3 2 2
3 5 4 4
4 8 8 7
5 9 10 10
6 12 11 12
7 13 13 16
8 23 18 16
9 20 23 24
10 25 26 29
11 31 31 31
12 42 31 36
13 36 39 43
14 43 35 46
15 49 41 49
16 67 46 53
17 77 49 54
18 59 54 63
19 63 60 63
20 87 65 74
21 81 66 79
22 85 72 86
23 83 73 84
24 107 80 95
25 111 86 93
26 111 87 102
27 124 88 100
28 133 90 123
29 124 94 112
30 136 96 122
31 141 106 132
32 155 107 135
33 154 111 134
34 156 123 144
35 198 125 156
36 192 131 167
37 178 135 158
38 180 138 170
39 196 143 181
40 236 154 180
41 194 155 181
42 223 159 195
43 221 168 212
44 247 176 223
45 279 166 204
46 283 178 217
47 277 179 233
48 307 183 232
49 271 191 229
50 303 189 230
51 322 201 254
52 312 207 250
53 304 205 260
54 340 206 271
55 309 215 273
56 349 226 274
57 387 228 287
58 353 224 275
59 352 232 284
60 371 241 299
61 399 240 314
62 354 248 310
63 400 254 317
64 379 262 326
65 439 258 330
66 384 273 337
67 463 277 345
68 512 274 352
69 474 283 352
70 470 296 369
71 418 295 370
72 479 305 380
73 504 307 388
74 450 315 395
75 497 320 402
76 569 333 419
77 496 322 426
78 492 335 435
79 514 338 411
80 623 358 451
81 549 346 438
82 541 365 469
83 543 369 471
84 591 375 470
85 522 372 467
86 604 383 480
87 576 384 487
88 617 396 504
89 557 396 495
90 616 401 510
91 608 401 521
92 632 412 519
93 613 417 526
94 749 422 538
95 670 421 530
96 657 430 540
97 747 435 571
98 848 439 574
99 645 440 574
100 741 459 595
101 751 450 575
102 817 463 584
103 692 470 618
104 709 476 646
105 939 473 593
106 790 483 628
107 724 487 624
108 757 495 638
109 817 499 647
110 896 498 640
111 744 504 646
112 847 517 656
113 873 514 663
114 936 522 670
115 844 519 674
116 822 535 682
117 872 534 684
118 825 540 692
119 903 546 721
120 1067 555 727
121 966 552 747
122 1028 560 733
123 923 561 734
124 910 576 748
125 915 568 758
126 960 578 751
127 1055 573 775
128 971 587 773
129 940 590 769
130 1042 597 784
131 1082 598 819
132 1040 622 806
133 1092 621 806
134 1120 622 816
135 1066 638 845
136 1086 650 847
137 1086 651 846
138 1138 659 869
139 1114 669 866
140 1081 677 871
141 1249 679 868
142 1117 683 891
143 1254 685 896
144 1115 699 898
145 1231 699 891
146 1261 702 885
147 1107 710 930
148 1190 725 925
149 1111 731 958
150 1064 731 925
151 1227 736 950
152 1638 756 982
153 1356 747 961
154 1285 759 989
155 1260 765 1012
156 1371 779 1006
157 1285 775 1019
158 1340 780 1030
159 1317 791 1039
160 1607 799 1044
161 1381 800 1020
162 1237 817 1050
163 1253 820 1050
164 1238 828 1045
165 1377 824 1087
166 1387 828 1085
167 1467 827 1090
168 1592 851 1110
169 1591 855 1098
170 1407 862 1133
171 1376 858 1117
172 1407 874 1120
173 1473 875 1138
174 1563 882 1177
175 1575 879 1135
176 1395 891 1172
177 1505 896 1177
178 1481 906 1184
179 1471 913 1169
180 1445 922 1224
181 1511 919 1185
182 1595 918 1214
183 1841 932 1192
184 1608 943 1203
185 1866 937 1203
186 1558 947 1245
187 1552 949 1252
188 1604 959 1316
189 1887 965 1245
190 1588 968 1256
191 1590 958 1257
192 1675 946 1333
193 1577 982 1261
194 1622 996 1289
195 1557 991 1286
196 1838 1002 1356
197 1667 1009 1366
198 1831 1009 1295
199 1530 1018 1335
200 1733 1031 1348
201 1656 1041 1368
202 2010 1043 1393
203 1720 976 1450
204 1868 1064 1403
205 1671 1062 1386
206 1702 1065 1429
207 1723 1071 1377
208 1808 1084 1440
209 1882 1081 1411
210 1767 1090 1414
211 2010 1081 1453
212 1843 1101 1439
213 1859 1097 1422
214 1794 1099 1438
215 1770 1113 1461
216 2021 1130 1478
217 2193 1128 1510
218 1883 1129 1457
219 1853 1132 1515
220 1960 1148 1516
221 1939 1147 1512
222 2206 1146 1517
223 1889 1149 1536
224 2209 1179 1558
225 1919 1170 1528
226 2047 1184 1601
227 2028 1189 1572
228 2203 1193 1581
229 2028 1196 1574
230 1872 1191 1572
231 2353 1200 1573
232 1917 1215 1609
233 2228 1208 1602
234 2038 1226 1641
235 2082 1222 1610
236 1963 1231 1639
237 1991 1237 1610
238 2622 1249 1668
239 1961 1240 1625
240 2217 1263 1691
241 2102 1259 1690
242 2199 1265 1692
243 2309 1257 1674
244 2118 1269 1707
245 2048 1273 1702
246 2137 1281 1724
247 2096 1291 1733
248 2541 1298 1712
249 2063 1294 1720
250 2327 1302 1721
251 2127 1306 1755
252 2345 1320 1781
253 2393 1307 1761
254 2373 1318 1825
255 2293 1319 1755
256 2458 1331 1765
257 2208 1327 1775
258 2472 1351 1841
259 2370 1353 1853
260 2386 1356 1832
261 2443 1360 1826
262 2495 1381 1868
263 2509 1387 1883
264 2566 1408 1884
265 2391 1398 1882
266 2440 1408 1900
267 2332 1419 1907
268 2635 1423 1876
269 2571 1430 1942
270 2539 1425 1892
271 2326 1444 1891
272 2339 1465 1942
273 2483 1455 1940
274 2608 1474 1961
275 2689 1478 2001
276 2620 1494 1991
277 2909 1482 1990
278 2500 1497 1969
279 2527 1513 2020
280 2904 1519 2024
281 2536 1519 1981
282 2690 1532 2040
283 2744 1532 2035
284 2607 1550 2078
285 2621 1551 2039
286 2670 1563 2067
287 2560 1554 2089
288 2758 1567 2075
289 3004 1575 2078
290 2996 1582 2091
291 2513 1596 2098
292 2664 1604 2112
293 2677 1607 2122
294 2618 1622 2128
295 2692 1609 2145
296 3085 1631 2154
297 2833 1636 2168
298 3185 1646 2131
299 2859 1651 2161
300 2768 1664 2206
301 3096 1658 2196
302 2886 1665 2175
303 2930 1668 2188
304 2865 1689 2278
305 2946 1683 2245
306 2880 1693 2214
307 2916 1694 2241
308 3486 1716 2291
309 2921 1712 2256
310 2991 1731 2304
311 2846 1724 2295
312 2898 1744 2322
313 2947 1741 2351
314 3055 1752 2318
315 2891 1759 2347
316 3004 1770 2344
317 3016 1768 2340
318 2981 1781 2332
319 3054 1780 2356
320 3191 1784 2390
321 2854 1799 2429
322 2989 1797 2413
323 2950 1797 2346
324 3077 1811 2377
325 3147 1819 2403
326 3159 1831 2399
327 3626 1835 2440
328 3263 1849 2473
329 3588 1845 2419
330 2974 1844 2479
331 3017 1860 2470
332 3132 1880 2500
333 3197 1876 2462
334 3083 1881 2459
335 3489 1872 2563
336 3816 1904 2504
337 3371 1893 2481
338 3525 1916 2549
339 3461 1904 2508
340 3874 1931 2561
341 3519 1930 2573
342 3572 1945 2579
343 3284 1941 2586
344 3354 1956 2549
345 3084 1952 2574
346 3533 1964 2581
347 3366 1965 2606
348 3496 1986 2644
349 3467 1988 2700
350 3711 1990 2629
351 3301 1988 2648
352 3251 2006 2720
353 3265 1998 2606
354 3356 2010 2673
355 3778 2034 2694
356 3568 2034 2671
357 3383 2030 2664
358 3532 2044 2732
359 3762 2042 2749
360 3697 2067 2752
361 3276 2054 2705
362 3777 2064 2819
363 3446 2068 2737
364 3761 2080 2730
365 3409 2083 2807
366 3793 2091 2757
367 3842 2083 2772
368 3694 2106 2776
369 3325 2102 2806
370 3599 2117 2851
371 3978 2101 2852
372 3896 2126 2843
373 4326 2127 2807
374 3725 2138 2861
375 3930 2136 2832
376 3693 2128 2937
377 3769 2143 2829
378 3791 2159 2899
379 3947 2169 2935
380 4008 2175 2966
381 3525 2178 2901
382 4021 2171 2881
383 3827 2177 2907
384 3559 2191 2940
385 3949 2199 2959
386 3698 2211 2966
387 3831 2208 2950
388 3826 2225 2921
389 3773 2232 2998
390 3873 2239 2994
391 3931 2240 3007
392 4339 2252 2977
393 4203 2258 3019
394 4160 2263 3005
395 3987 2269 3027
396 4100 2279 3026
397 3846 2279 3081
398 3821 2295 3018
399 3602 2290 3073
400 3920 2317 3039
401 4253 2323 3057
402 3823 2316 3076
403 3968 2330 3142
404 4141 2324 3077
405 3826 2331 3114
406 3962 2350 3149
407 4135 2352 3149
408 3884 2372 3184
409 4022 2373 3168
410 4235 2381 3243
411 4052 2381 3223
412 3963 2402 3203
413 3960 2375 3152
414 4010 2397 3216
415 4143 2402 3195
416 4406 2407 3218
417 4409 2416 3241
418 4143 2429 3227
419 4327 2430 3209
420 4703 2445 3282
421 4940 2459 3343
422 4559 2453 3279
423 3768 2457 3305
424 4382 2472 3306
425 4785 2469 3268
426 4190 2473 3352
427 4477 2480 3358
428 4728 2495 3349
429 4404 2497 3360
430 4426 2506 3389
431 4676 2505 3361
432 4105 2523 3437
433 4688 2510 3391
434 4193 2533 3368
435 4809 2533 3376
436 4875 2541 3397
437 4153 2548 3394
438 5202 2549 3429
439 4224 2554 3421
440 4648 2570 3447
441 4661 2572 3444
442 4648 2566 3478
443 4215 2582 3470
444 4388 2594 3447
445 5076 2591 3521
446 4370 2602 3500
447 4504 2585 3501
448 4519 2621 3507
449 4794 2605 3535
450 4556 2619 3509
451 4774 2625 3544
452 4740 2641 3568
453 4806 2630 3515
454 4677 2655 3577
455 4602 2657 3559
456 4921 2662 3554
457 4379 2673 3577
458 4990 2668 3589
459 5009 2672 3606
460 4623 2692 3635
461 4536 2693 3608
462 4653 2674 3583
463 4580 2695 3658
464 4537 2706 3622
465 4853 2719 3643
466 4497 2721 3656
467 4800 2720 3703
468 5055 2745 3646
469 4880 2733 3734
470 4665 2739 3651
471 4483 2752 3670
472 5050 2758 3705
473 5118 2772 3719
474 5006 2772 3728
475 4938 2784 3730
476 4919 2787 3741
477 4841 2786 3755
478 4859 2798 3741
479 5389 2792 3763
480 4639 2806 3820
481 4952 2814 3810
482 4754 2817 3843
483 5271 2821 3854
484 5287 2832 3847
485 5414 2833 3830
486 4690 2826 3794
487 4999 2841 3825
488 5130 2847 3800
489 5706 2859 3861
490 5139 2858 3859
491 4720 2856 3867
492 4655 2884 3897
493 5158 2873 3907
494 4834 2880 3887
495 5329 2880 3957
496 5204 2900 3978
497 5098 2905 3925
498 4974 2904 3934
499 5343 2908 3926
500 4907 2927 4044
501 5084 2914 3933
502 5252 2926 4003
503 5745 2924 3989
504 5846 2939 4009
505 5068 2941 4040
506 6053 2950 4018
507 5677 2945 4017
508 6209 2952 4012
509 5033 2962 4014
510 5181 2960 4092
511 5328 2966 4044
512 5640 2979 4054
513 5426 2978 4133
514 5298 2989 4063
515 5391 2999 4076
516 5333 3019 4175
517 5199 3020 4092
518 5200 3035 4150
519 5305 3039 4126
520 5836 3053 4174
521 5616 3055 4156
522 5716 3051 4138
523 5441 3070 4146
524 5455 3084 4216
525 5033 3087 4225
526 5171 3093 4165
527 5481 3100 4212
528 5412 3118 4213
529 6136 3127 4289
530 5597 3135 4298
531 6169 3141 4262
532 5452 3150 4281
533 5828 3166 4273
534 5462 3168 4325
535 5647 3183 4308
536 5467 3191 4315
537 6012 3180 4265
538 6411 3189 4362
539 5690 3203 4334
540 5395 3224 4375
541 5871 3214 4322
542 5605 3220 4358
543 5442 3236 4427
544 5599 3252 4427
545 5565 3244 4383
546 5489 3263 4401
547 6608 3272 4423
548 6489 3297 4430
549 6102 3287 4486
550 5942 3301 4411
551 5775 3305 4446
552 6207 3318 4446
553 6074 3316 4428
554 5906 3329 4510
555 6009 3341 4495
556 5689 3359 4491
557 6352 3345 4513
558 6003 3350 4452
559 6469 3354 4500
560 5952 3384 4588
561 5776 3376 4530
562 5555 3384 4555
563 6761 3397 4604
564 5905 3397 4575
565 6004 3424 4562
566 6030 3420 4577
567 5908 3423 4626
568 5571 3441 4588
569 5774 3439 4673
570 5954 3449 4613
571 6043 3455 4654
572 6386 3461 4689
573 7321 3464 4622
574 6504 3486 4692
575 6162 3310 4865
576 6150 3490 4705
577 5970 3499 4725
578 6030 3518 4669
579 5857 3517 4752
580 6007 3538 4763
581 6111 3519 4700
582 6816 3543 4801
583 6102 3550 4739
584 6715 3564 4783
585 6531 3577 4755
586 6975 3585 4786
587 5788 3578 4834
588 6498 3596 4821
589 6609 3608 4867
590 6388 3593 4815
591 6315 3605 4887
592 6631 3630 4868
593 7021 3608 4856
594 6395 3640 4901
595 6624 3641 4889
596 6961 3667 4949
597 6465 3654 4899
598 6136 3683 4947
599 6830 3672 4941
600 6164 3681 4928
601 6198 3694 4965
602 6577 3699 4937
603 6387 3697 4960
604 7151 3716 4945
605 6316 3717 4985
606 6339 3727 5008
607 6678 3739 5024
608 6555 3749 5046
609 6421 3754 5073
610 6422 3737 5098
611 6642 3767 5063
612 6510 3771 5060
613 6607 3770 5062
614 6371 3776 5113
615 6348 3787 5062
616 6822 3808 5033
617 6362 3817 5093
618 6414 3810 5192
619 6812 3816 5111
620 6838 3831 5059
621 6822 3827 5185
622 6219 3832 5172
623 6487 3855 5186
624 7315 3867 5164
625 6887 3851 5148
626 7065 3884 5194
627 7249 3862 5179
628 7260 3880 5213
629 7283 3879 5190
630 7824 3904 5211
631 6856 3906 5275
632 6610 3914 5284
633 7132 3927 5276
634 6799 3925 5300
635 6899 3932 5298
636 6690 3947 5287
637 7004 3947 5311
638 7383 3912 5363
639 7164 3957 5322
640 7148 3968 5373
641 7666 3970 5355
642 6769 3967 5374
643 7168 4004 5427
644 7399 4009 5405
645 6980 4011 5334
646 7488 4011 5382
647 6876 4010 5399
648 7098 4036 5448
649 7188 4034 5422
650 7630 4047 5445
651 6937 4042 5420
652 7714 4076 5477
653 7122 4054 5457
654 7040 4091 5504
655 7554 4084 5444
656 6682 4096 5470
657 7607 4109 5441
658 7207 4112 5554
659 6811 4102 5493
660 7116 4126 5572
661 7196 4137 5469
662 7158 4144 5586
663 7833 4145 5538
664 7331 4163 5541
665 8215 4137 5566
666 7669 4170 5604
667 7487 4158 5604
668 7065 4200 5629
669 7520 4193 5677
670 8493 4196 5580
671 7029 4211 5676
672 7756 4210 5793
673 6935 4220 5686
674 8312 4236 5653
675 7324 4234 5694
676 7358 4259 5672
677 6743 4244 5683
678 7817 4255 5765
679 7904 4263 5684
680 7302 4285 5752
681 8231 4284 5698
682 8506 4286 5753
683 7971 4291 5768
684 8487 4312 5749
685 7070 4303 5771
686 7316 4308 5748
687 8676 4305 5750
688 7477 4352 5807
689 7209 4330 5791
690 7767 4350 5824
691 7793 4356 5922
692 6973 4349 5874
693 7439 4362 5854
694 7622 4367 5840
695 7148 4375 5878
696 9672 4387 5898
697 7279 4400 5891
698 7481 4396 5927
699 9003 4397 5961
700 7920 4434 5980
701 7815 4430 5933
702 8022 4416 5934
703 8055 4435 5915
704 7676 4458 6050
705 8268 4438 5928
706 7617 4456 6012
707 8210 4459 5981
708 8192 4480 6000
709 7856 4473 6029
710 7437 4448 6146
711 7625 4478 5988
712 7960 4496 5979
713 8014 4506 5982
714 7671 4507 6170
715 7498 4501 6079
716 7940 4543 6060
717 8284 4521 6059
718 8460 4528 6148
719 7680 4556 6122
720 8431 4555 6088
721 7445 4559 6174
722 8332 4584 6191
723 8473 4584 6179
724 9014 4593 6180
725 7698 4592 6100
726 8397 4589 6155
727 8339 4592 6201
728 8464 4620 6179
729 7916 4619 6158
730 8344 4618 6295
731 9379 4642 6211
732 7938 4646 6277
733 8377 4661 6324
734 8190 4648 6230
735 9088 4652 6230
736 7830 4670 6269
737 7643 4657 6268
738 8052 4672 6334
739 8360 4680 6310
740 8268 4702 6279
741 8210 4699 6352
742 9158 4700 6333
743 8451 4705 6369
744 8736 4716 6368
745 8187 4710 6419
746 8966 4745 6472
747 9022 4713 6345
748 8031 4730 6401
749 7697 4738 6370
750 7775 4751 6419
751 8362 4778 6536
752 8598 4769 6443
753 8339 4766 6436
754 8998 4770 6437
755 8626 4786 6391
756 8428 4796 6488
757 8275 4802 6420
758 8971 4803 6473
759 8495 4808 6582
760 9036 4825 6568
761 8768 4831 6575
762 8291 4821 6525
763 8658 4793 6589
764 8966 4845 6550
765 8306 4854 6508
766 7988 4839 6562
767 8702 4866 6590
768 9538 4862 6632
769 9197 4864 6561
770 8789 4863 6550
771 9930 4892 6622
772 9124 4910 6704
773 8163 4907 6608
774 9190 4916 6635
775 8875 4923 6649
776 8965 4946 6680
777 9551 4949 6751
778 8870 4940 6647
779 8295 4946 6662
780 9348 4967 6701
781 9592 4965 6725
782 8747 4984 6733
783 9574 4980 6706
784 9697 4991 6729
785 8845 5006 6743
786 9580 5013 6789
787 8994 5020 6760
788 8804 5029 6758
789 8009 5027 6787
790 8626 5046 6880
791 10333 5039 6874
792 9429 5063 6828
793 8444 5047 6806
794 9232 5057 6823
795 8366 5079 6901
796 9118 5106 6908
797 9134 5086 6941
798 9135 5092 6875
799 11313 5098 6844
800 9870 5115 6857
801 9179 5118 6905
802 9090 5152 6941
803 9425 5129 6909
804 9564 5149 6997
805 8325 5163 6988
806 8818 5164 6939
807 8783 5178 6939
808 8908 5187 7042
809 8558 5181 6903
810 9129 5192 7022
811 9559 5198 7008
812 8869 5212 7043
813 9268 5208 7049
814 8527 5221 7067
815 9674 5229 7063
816 9585 5201 7154
817 9666 5242 7113
818 8655 5263 7118
819 9765 5237 7168
820 10122 5270 7132
821 8605 5267 7088
822 9133 5288 7130
823 9221 5280 7090
824 10153 5299 7116
825 10695 5298 7127
826 9191 5307 7184
827 10797 5308 7163
828 10728 5334 7198
829 9413 5313 7170
830 10930 5311 7179
831 9485 5329 7163
832 9746 5338 7178
833 9400 5350 7240
834 9407 5348 7281
835 9875 5366 7258
836 9674 5388 7290
837 10678 5375 7186
838 9144 5397 7315
839 9638 5396 7288
840 9600 5396 7234
841 8910 5406 7327
842 9761 5422 7348
843 10043 5413 7322
844 9393 5444 7279
845 9308 5436 7374
846 9089 5445 7268
847 9030 5434 7468
848 9622 5464 7425
849 9668 5468 7439
850 9758 5472 7386
851 9585 5479 7540
852 10122 5496 7333
853 9464 5493 7430
854 9994 5504 7492
855 10358 5493 7405
856 8963 5525 7392
857 10567 5524 7447
858 9399 5533 7448
859 9729 5518 7487
860 10407 5549 7539
861 9910 5542 7440
862 10198 5559 7490
863 9067 5548 7538
864 9851 5555 7484
865 10688 5574 7566
866 9609 5564 7582
867 9100 5598 7615
868 10018 5608 7535
869 9758 5596 7518
870 10330 5612 7598
871 9733 5628 7611
872 10009 5629 7511
873 11148 5620 7651
874 10411 5639 7679
875 10611 5640 7602
876 11275 5649 7607
877 10199 5652 7585
878 11290 5661 7666
879 9356 5661 7660
880 10124 5686 7661
881 10189 5670 7669
882 10582 5670 7672
883 10375 5684 7706
884 10582 5706 7799
885 10493 5689 7743
886 10064 5716 7833
887 9717 5708 7847
888 10640 5728 7882
889 10136 5719 7718
890 9712 5730 7811
891 9813 5731 7813
892 10561 5754 7836
893 10245 5736 7746
894 10767 5769 7953
895 10271 5766 7890
896 11490 5762 7901
897 9608 5770 7805
898 9968 5784 7832
899 10072 5782 7850
900 10758 5803 7884
901 10212 5819 7945
902 11594 5822 7939
903 11008 5828 7978
904 10122 5840 7960
905 10619 5833 7957
906 11627 5842 8028
907 10129 5848 7906
908 11331 5875 8029
909 10075 5862 7942
910 11094 5867 7899
911 11325 5881 8061
912 10751 5907 8018
913 11038 5895 8045
914 11167 5906 8070
915 10060 5905 8090
916 9852 5930 8094
917 10831 5917 8033
918 11856 5927 8057
919 11548 5934 8033
920 10703 5942 8063
921 10701 5942 8077
922 11096 5960 8126
923 10688 5968 8065
924 10223 5970 8185
925 11255 5961 8122
926 11631 5984 8104
927 10629 5979 8064
928 10429 6006 8127
929 10669 6013 8206
930 12395 6011 8186
931 10968 5994 8169
932 10558 6021 8253
933 11430 6030 8289
934 11430 6047 8188
935 10833 6044 8221
936 11783 6035 8317
937 10642 6063 8274
938 11851 6056 8261
939 10968 6068 8275
940 11045 6096 8232
941 10792 6097 8287
942 11055 6089 8311
943 11362 6064 8367
944 11571 6095 8421
945 10474 6099 8234
946 10898 6123 8348
947 11411 6137 8440
948 12053 6131 8391
949 12332 6140 8459
950 11025 6140 8414
951 10644 6138 8454
952 10994 6160 8442
953 10571 6155 8372
954 10326 6165 8412
955 11742 6181 8424
956 12371 6184 8398
957 12381 6178 8437
958 10877 6195 8450
959 10821 6196 8497
960 11544 6216 8472
961 11535 6205 8558
962 11151 6198 8523
963 11412 6220 8495
964 11190 6221 8598
965 11100 6251 8653
966 11386 6233 8483
967 11289 6264 8544
968 11452 6269 8583
969 11294 6257 8577
970 11020 6266 8670
971 11285 6262 8608
972 10921 6289 8530
973 10612 6296 8622
974 10824 6302 8571
975 12008 6294 8643
976 11386 6323 8564
977 11678 6310 8679
978 12034 6307 8633
979 11491 6314 8676
980 11842 6347 8713
981 12075 6351 8691
982 11190 6362 8720
983 11608 6341 8652
984 12745 6377 8758
985 11252 6367 8679
986 12306 6368 8718
987 11051 6374 8775
988 12589 6384 8758
989 11387 6399 8803
990 11482 6374 8737
991 11802 6386 8770
992 11219 6406 8749
993 12147 6401 8929
994 12285 6425 8807
995 11451 6434 8876
996 10911 6439 8883
997 11243 6459 8879
998 11339 6436 8849
999 11573 6432 8881
1000 12150 6454 8875
