1 1 0 
2 3 0 
3 5 0 
4 9 1 
5 9 3 
6 11 4 
7 14 5 
8 25 5 
9 25 15 
10 30 9 
11 32 7 
12 48 16 
13 45 28 
14 51 17 
15 57 18 
16 78 17 
17 71 44 
18 81 12 
19 89 29 
20 116 17 
21 106 69 
22 116 41 
23 123 62 
24 157 39 
25 144 80 
26 154 43 
27 166 45 
28 202 47 
29 187 64 
30 200 43 
31 210 78 
32 254 70 
33 239 107 
34 253 62 
35 266 61 
36 317 89 
37 297 141 
38 313 69 
39 329 96 
40 381 68 
41 357 148 
42 376 146 
43 392 126 
44 453 88 
45 428 124 
46 445 107 
47 460 119 
48 527 90 
49 498 105 
50 516 71 
51 536 57 
52 606 156 
53 575 113 
54 597 80 
55 615 186 
56 688 150 
57 656 279 
58 679 184 
59 700 182 
60 780 160 
61 742 216 
62 765 251 
63 792 164 
64 880 190 
65 843 271 
66 867 224 
67 895 268 
68 986 191 
69 948 221 
70 972 283 
71 1000 195 
72 1094 228 
73 1054 207 
74 1080 290 
75 1111 223 
76 1214 219 
77 1166 316 
78 1194 209 
79 1221 200 
80 1331 250 
81 1284 285 
82 1312 295 
83 1346 296 
84 1457 419 
85 1405 256 
86 1439 368 
87 1473 379 
88 1588 190 
89 1539 474 
90 1571 379 
91 1602 251 
92 1723 368 
93 1669 401 
94 1704 309 
95 1737 470 
96 1865 315 
97 1805 441 
98 1845 305 
99 1880 490 
100 2015 247 
