1 0 0 0
101 100 2598 2502
201 200 8319 10152
301 300 24574 21269
401 400 41500 45043
501 500 56927 66309
601 600 73104 93071
701 700 91195 122567
801 800 107221 153949
901 900 139186 184703
1001 1000 171002 216863
1101 1100 199766 248168
1201 1200 235767 281150
1301 1300 263267 326265
1401 1400 300255 372358
1501 1500 327636 418527
1601 1600 372891 472153
1701 1700 410899 522993
1801 1800 452853 570379
1901 1900 446957 593130
2001 2000 514909 666950
2101 2100 578426 730347
2201 2200 561906 734781
2301 2300 580809 762519
2401 2400 639040 827582
2501 2500 739925 930403
2601 2600 721286 922686
2701 2700 759992 963558
2801 2800 788621 1005210
2901 2900 874299 1112738
3001 3000 843728 1091464
3101 3100 902766 1159844
3201 3200 957110 1214241
3301 3300 1051726 1296311
3401 3400 1057968 1318965
3501 3500 1101675 1384046
3601 3600 1177837 1467338
3701 3700 1125604 1429142
3801 3800 1186313 1491637
3901 3900 1265037 1576209
4001 4000 1353941 1694763
4101 4100 1393357 1700082
4201 4200 1480416 1817777
4301 4300 1458097 1802139
4401 4400 1513034 1831146
4501 4500 1621522 1976516
4601 4600 1636034 1989592
4701 4700 1647873 2010183
4801 4800 1631179 2013423
4901 4900 1794701 2170335
5001 5000 1815721 2199852
5101 5100 1913607 2306528
5201 5200 1950609 2371585
5301 5300 2059791 2505217
5401 5400 2042708 2464220
5501 5500 2011194 2432123
5601 5600 2163227 2606939
5701 5700 2294408 2730276
5801 5800 2153973 2625310
5901 5900 2271525 2728638
6001 6000 2376974 2833420
6101 6100 2400823 2879393
6201 6200 2477012 2944183
6301 6300 2592136 3085960
6401 6400 2660885 3153699
6501 6500 2583059 3051335
6601 6600 2765449 3287274
6701 6700 2938234 3460615
6801 6800 2930188 3448969
6901 6900 2937650 3519729
7001 7000 2918125 3483297
7101 7100 3080601 3667187
7201 7200 3186113 3755644
7301 7300 3322750 3917167
7401 7400 3261181 3846001
7501 7500 3399097 3998822
7601 7600 3344518 3939636
7701 7700 3416254 4042774
7801 7800 3480913 4081356
7901 7900 3512455 4106019
8001 8000 3713548 4337759
8101 8100 3572391 4208494
8201 8200 3776058 4479663
8301 8300 3870250 4512767
8401 8400 3973702 4600942
8501 8500 4057092 4715652
8601 8600 4187559 4837623
8701 8700 4037785 4713033
8801 8800 4071470 4731100
8901 8900 4399705 5100416
9001 9000 4421984 5082983
9101 9100 4523711 5246431
9201 9200 4653179 5354253
9301 9300 4619803 5338495
9401 9400 4722603 5460617
9501 9500 4889530 5620488
9601 9600 4908152 5674527
9701 9700 4819452 5568889
9801 9800 5037528 5781448
9901 9900 5012980 5810083
10001 10000 5071925 5807686
10101 10100 5393768 6232549
10201 10200 5541963 6316576
10301 10300 5582677 6357481
10401 10400 5685738 6531672
10501 10500 5566270 6355886
10601 10600 5416667 6284370
10701 10700 5909101 6720050
10801 10800 5583281 6416340
10901 10900 5941099 6818762
11001 11000 6015271 6861844
11101 11100 6077311 6939725
11201 11200 6254047 7098194
11301 11300 6383908 7260552
11401 11400 6513708 7449116
11501 11500 6479558 7389144
11601 11600 6670211 7613295
11701 11700 6810241 7664940
11801 11800 6679221 7566255
11901 11900 6881723 7775891
12001 12000 6706575 7638636
12101 12100 6885544 7814188
12201 12200 7135505 8025048
12301 12300 7189950 8106413
12401 12400 7327838 8272736
12501 12500 7489362 8461990
12601 12600 7349732 8298284
12701 12700 7331699 8290222
12801 12800 7424394 8436700
12901 12900 7552614 8539570
13001 13000 8127963 9184005
13101 13100 8167526 9233191
13201 13200 8304760 9382083
13301 13300 8217792 9283914
13401 13400 8353612 9500926
13501 13500 8233707 9240606
13601 13600 8473697 9527438
13701 13700 8568262 9609238
13801 13800 8616218 9642886
13901 13900 8268166 9350238
14001 14000 8863332 9946313
14101 14100 8825719 9878163
14201 14200 9017211 10123795
14301 14300 9293446 10383971
14401 14400 9035649 10194624
14501 14500 9671890 10808549
14601 14600 9364651 10483205
14701 14700 9153385 10307812
14801 14800 9726799 10886341
14901 14900 9549067 10648495
15001 15000 9864912 10997167
15101 15100 9975389 11133151
15201 15200 10216611 11374223
15301 15300 10048784 11191901
15401 15400 10349274 11543867
15501 15500 10283305 11497839
15601 15600 10542929 11763398
15701 15700 10297488 11511946
15801 15800 10480246 11674879
15901 15900 10869759 12099166
16001 16000 10941745 12199616
16101 16100 10914498 12231805
16201 16200 11244011 12477119
16301 16300 10925253 12156937
16401 16400 11651156 12925840
16501 16500 11235675 12564725
16601 16600 11680883 12980264
16701 16700 11802882 13131126
16801 16800 11655001 12940651
16901 16900 11752301 13005926
17001 17000 12080610 13443628
17101 17100 12005176 13292199
17201 17200 12348840 13764575
17301 17300 12539796 13895452
17401 17400 12385760 13654512
17501 17500 12531007 13812975
17601 17600 12745639 14133309
17701 17700 12685184 14123791
17801 17800 12859345 14196055
17901 17900 12736546 14120161
18001 18000 13202557 14512522
18101 18100 12955785 14269725
18201 18200 13416883 14751279
18301 18300 13639212 15042316
18401 18400 13925585 15385155
18501 18500 14116226 15534674
18601 18600 13842545 15257932
18701 18700 13756156 15152312
18801 18800 13908155 15327764
18901 18900 14337853 15840448
19001 19000 14429199 15841970
19101 19100 14626096 16081555
19201 19200 14556548 16065759
19301 19300 14558526 16034827
19401 19400 14540341 15943532
19501 19500 14950213 16447732
19601 19600 15194077 16750986
19701 19700 15792554 17342881
19801 19800 15130990 16732916
19901 19900 15654759 17272055
20001 20000 15934910 17505656
20101 20100 16093785 17663912
20201 20200 15774121 17357906
20301 20300 15896967 17406086
20401 20400 16030703 17575530
20501 20500 16369787 17992834
20601 20600 16426205 17892848
20701 20700 16562673 18044425
20801 20800 16135504 17734553
20901 20900 16205545 17799034
21001 21000 17355654 19113458
21101 21100 17490091 19152041
21201 21200 17423779 19060153
21301 21300 17928640 19566786
21401 21400 17425620 19083728
21501 21500 17385595 19047718
21601 21600 17825299 19474191
21701 21700 17818429 19495234
21801 21800 18018891 19636135
21901 21900 18020430 19689238
22001 22000 18808331 20504205
22101 22100 17804972 19489420
22201 22200 18206022 19896711
22301 22300 19264392 21031918
22401 22400 18720680 20477889
22501 22500 19139552 20827203
22601 22600 18765365 20544662
22701 22700 19127643 20885654
22801 22800 19092092 20863838
22901 22900 19485297 21228150
23001 23000 19318951 21064624
23101 23100 19501025 21307815
23201 23200 20005160 21776007
23301 23300 19999332 21730153
23401 23400 20226132 22045757
23501 23500 20707092 22470935
23601 23600 20154099 22005061
23701 23700 21246895 23145094
23801 23800 21615845 23454810
23901 23900 20614409 22373224
24001 24000 21061653 22917210
24101 24100 21138726 22944658
24201 24200 21541103 23357623
24301 24300 21277334 23149941
24401 24400 21493024 23298737
24501 24500 21316854 23223250
24601 24600 21465808 23342674
24701 24700 22121465 24140889
24801 24800 22079126 24020403
24901 24900 22350423 24224520
25001 25000 22323054 24305885
25101 25100 23335268 25276147
25201 25200 22510855 24408506
25301 25300 23194413 25096843
25401 25400 23916813 25967356
25501 25500 23091949 24963728
25601 25600 23728808 25704183
25701 25700 22981458 24998260
25801 25800 23745132 25796291
25901 25900 23886200 25899131
26001 26000 23490713 25440055
26101 26100 24551724 26560660
26201 26200 24356049 26355461
26301 26300 24175513 26163590
26401 26400 24971567 26908157
26501 26500 25305989 27364788
26601 26600 24713886 26811949
26701 26700 24943195 26991552
26801 26800 25487565 27609385
26901 26900 25188896 27296539
27001 27000 25607357 27631547
27101 27100 26272020 28344667
27201 27200 26083069 28207338
27301 27300 25113864 27243423
27401 27400 25962032 28014983
27501 27500 26831445 28969691
27601 27600 26279941 28423580
27701 27700 26814037 28908551
27801 27800 26775410 28949136
27901 27900 26585150 28639461
28001 28000 27358956 29573589
28101 28100 27349595 29614816
28201 28200 26748319 28910629
28301 28300 27713242 29921683
28401 28400 27293335 29304548
28501 28500 28338664 30603163
28601 28600 28891616 31138405
28701 28700 28319441 30605035
28801 28800 28839122 31118797
28901 28900 28271988 30333803
29001 29000 29700025 31956663
29101 29100 29593040 31880499
29201 29200 29919329 32311908
29301 29300 30102053 32231143
29401 29400 28762905 30851901
29501 29500 29443103 31648587
29601 29600 29792322 32007081
29701 29700 31682573 34072575
29801 29800 30100324 32424156
29901 29900 29941386 32300440
30001 30000 29913052 32152530
30101 30100 31137035 33468012
30201 30200 30517335 32833613
30301 30300 30025524 32271421
30401 30400 31569071 33850779
30501 30500 31247368 33718387
30601 30600 31401664 33738355
30701 30700 32089075 34572092
30801 30800 31425410 33823323
30901 30900 32213205 34564264
31001 31000 31954825 34300095
31101 31100 32746733 35143154
31201 31200 32495694 34766395
31301 31300 32595590 34928048
31401 31400 33028416 35412742
31501 31500 32795346 35243507
31601 31600 33011490 35401977
31701 31700 32696357 35070923
31801 31800 33527415 35843828
31901 31900 33886406 36226859
32001 32000 34384552 36867468
32101 32100 34267348 36690492
32201 32200 34318920 36834190
32301 32300 35006766 37553145
32401 32400 36116620 38635520
32501 32500 34049052 36544193
32601 32600 35047014 37533981
32701 32700 36047042 38586491
32801 32800 35732100 38377184
32901 32900 36161417 38821042
33001 33000 36239306 38756878
33101 33100 36159515 38659256
33201 33200 36620435 39164539
33301 33300 36547010 39128888
33401 33400 36046869 38529031
33501 33500 36270471 38885081
33601 33600 36951398 39490663
33701 33700 37425718 40075566
33801 33800 37233706 39902094
33901 33900 38096142 40740285
34001 34000 38500169 41140069
34101 34099 36246183 38693303
34201 34200 37070257 39680109
34301 34300 37058021 39748996
34401 34400 39457733 42078387
34501 34500 38803906 41417146
34601 34600 38146643 40664403
34701 34700 39168360 41848719
34801 34800 39505072 42117569
34901 34900 38697872 41333311
35001 35000 39963789 42788395
35101 35100 40600328 43267661
35201 35200 39151741 41858443
35301 35300 40367991 43227769
35401 35400 40144149 42770329
35501 35500 40031266 42826603
35601 35600 40629434 43326854
35701 35700 40112993 42802837
35801 35800 40792437 43626341
35901 35900 41992146 44642812
36001 36000 41380266 44074809
36101 36100 42801494 45599375
36201 36200 42224994 45076907
36301 36300 41059363 43803462
36401 36400 41362609 44162229
36501 36500 42584269 45445851
36601 36600 42609678 45390453
36701 36700 43229052 46114047
36801 36800 43966329 46793801
36901 36900 44505339 47273038
37001 37000 42896688 45821107
37101 37100 43458991 46182022
37201 37200 44440441 47304627
37301 37300 44746945 47592626
37401 37400 43328659 46298405
37501 37500 45667195 48671752
37601 37600 44562254 47329090
37701 37700 45476006 48501560
37801 37800 44644411 47553104
37901 37900 46126701 48939842
38001 38000 46554927 49635386
38101 38100 47097645 50105298
38201 38200 45895360 48854752
38301 38300 46113615 49038860
38401 38400 44752136 47677548
38501 38500 46379504 49367592
38601 38600 45626994 48423017
38701 38700 47174341 50069894
38801 38800 48414814 51487711
38901 38900 47891080 50944305
39001 39000 47622861 50740277
39101 39100 49169259 52211993
39201 39200 47309358 50416820
39301 39300 49003400 52076406
39401 39400 47416117 50402113
39501 39500 49012271 51968695
39601 39600 49340469 52552035
39701 39700 49754716 52861936
39801 39800 49579411 52551809
39901 39900 49042708 52100094
40001 40000 49496098 52426227
40101 40100 48003893 51099507
40201 40200 50420635 53430758
40301 40300 50605567 53777631
40401 40400 50547000 53730288
40501 40500 51398194 54613451
40601 40600 51480000 54554366
40701 40700 51257774 54294718
40801 40800 51539973 54718565
40901 40900 50452234 53417270
41001 41000 50990060 54229070
41101 41100 51841762 55030129
41201 41200 53325157 56512015
41301 41300 52909715 56019603
41401 41400 54772955 58148810
41501 41500 52736733 55892642
41601 41600 52624928 55785382
41701 41700 53632984 56936841
41801 41800 53457459 56726072
41901 41900 52830807 55992037
42001 42000 53780952 56901729
42101 42100 54971572 58233276
42201 42200 53878867 57055033
42301 42300 54336316 57541989
42401 42400 54285798 57484000
42501 42500 54102260 57373867
42601 42600 55511182 58767583
42701 42700 54853402 58035000
42801 42800 56065643 59286372
42901 42900 56260023 59478883
43001 43000 57994228 61398062
43101 43100 57209611 60618127
43201 43200 56785706 60156253
43301 43300 57147303 60527582
43401 43400 57508872 60717974
43501 43500 57697896 60983301
43601 43600 58472932 61839093
43701 43700 56430658 59717110
43801 43800 58259707 61627594
43901 43900 59191187 62549316
44001 44000 56781091 60210435
44101 44100 59352243 62701258
44201 44200 59413314 62875354
44301 44300 58899613 62349612
44401 44400 61607674 65158658
44501 44500 61875810 65470241
44601 44600 59156188 62520370
44701 44700 60481983 63885911
44801 44800 60492671 63922177
44901 44900 60143501 63628493
45001 45000 59269132 62752423
45101 45100 63127299 66648802
45201 45200 61925520 65396868
45301 45300 61678190 65242536
45401 45400 62758906 66272393
45501 45500 62157552 65545923
45601 45600 61739755 65212459
45701 45700 62224278 65716962
45801 45800 62310168 65726766
45901 45900 63240042 66815826
46001 46000 63243667 66827309
46101 46100 61949433 65213088
46201 46200 63433230 67178451
46301 46300 63919142 67445791
46401 46400 64591739 68203810
46501 46500 63642561 67211728
46601 46600 65664586 69332384
46701 46700 64641669 68080111
46801 46800 65449553 69023269
46901 46900 64358460 67993460
47001 47000 64743577 68308251
47101 47100 65279715 68851211
47201 47200 65515324 69126317
47301 47300 66622047 70176375
47401 47400 66512218 70102915
47501 47500 66809332 70587659
47601 47600 68798431 72570857
47701 47700 66923038 70510322
47801 47800 67737247 71477646
47901 47900 67077590 70716581
48001 48000 66637012 70382792
48101 48100 70498248 74306856
48201 48200 67864607 71405886
48301 48300 69621317 73328460
48401 48400 69250353 73087289
48501 48500 68766420 72286532
48601 48600 69231057 72840413
48701 48700 71837666 75637556
48801 48800 69710817 73546070
48901 48900 71693572 75523306
49001 49000 68990948 72768193
49101 49100 70087708 73647345
49201 49200 69688164 73435764
49301 49300 70172771 73881914
49401 49400 73004877 76765257
49501 49500 70967945 74704288
49601 49600 71921195 75754196
49701 49700 71602949 75489515
49801 49800 72401986 76153211
49901 49900 72350018 76012449
50001 50000 74060678 77921888
50101 50100 73303781 77093523
50201 50200 72932330 76759883
50301 50300 74144331 78007074
50401 50400 73869051 77546983
50501 50500 72643288 76553604
50601 50600 73576891 77406611
50701 50700 73686899 77401961
50801 50800 75020138 79053394
50901 50900 77846481 81890260
51001 51000 75822298 79864123
51101 51100 74163146 78056352
51201 51200 78386828 82436524
51301 51300 76190565 80209136
51401 51400 76215388 80193066
51501 51500 76141946 79991142
51601 51600 77377964 81196166
51701 51700 77333136 81310859
51801 51800 78718882 82846354
51901 51900 77385678 81383874
52001 52000 78255856 82348656
52101 52100 78052346 81983960
52201 52200 79107805 83211459
52301 52300 79477873 83447086
52401 52400 80462487 84536795
52501 52500 81845421 86093319
52601 52600 79494262 83624548
52701 52700 79578547 83382986
52801 52800 78181563 82083904
52901 52900 81105734 84993251
53001 53000 80101548 84140021
53101 53100 80749071 84523290
53201 53200 81397312 85522220
53301 53300 80675608 84817687
53401 53400 82318268 86531925
53501 53500 81713536 85914488
53601 53600 82430453 86640272
53701 53700 83436645 87618017
53801 53800 81798180 85796647
53901 53900 81969865 86191277
54001 54000 85251814 89441043
54101 54100 84520261 88741700
54201 54200 84683526 88934070
54301 54300 82761501 86862872
54401 54400 85003046 89176324
54501 54500 85359412 89478309
54601 54600 84549560 88695292
54701 54700 84060279 88149711
54801 54800 88193095 92500226
54901 54900 88230532 92570113
55001 55000 86087253 90235002
55101 55100 85750489 89975775
55201 55200 86911469 91218829
55301 55300 84819183 88704796
55401 55400 85276061 89379335
55501 55500 86843781 91192691
55601 55600 86767029 90905205
55701 55700 86766665 90914264
55801 55800 87480416 91710938
55901 55900 89071832 93407134
56001 56000 87700408 91561325
56101 56100 87429833 91682295
56201 56200 89042939 93329055
56301 56300 90115550 94452801
56401 56400 89662381 93957865
56501 56500 89688408 94119187
56601 56600 91146879 95403358
56701 56700 89890147 94286206
56801 56800 89898009 94175671
56901 56900 89502996 93744823
57001 57000 92321895 96854484
57101 57100 90821287 95023899
57201 57200 91514437 95920669
57301 57300 93417480 97806083
57401 57400 92684390 97122214
57501 57500 93762991 98188284
57601 57600 92876760 97454565
57701 57700 93004610 97311500
57801 57800 93920251 98495434
57901 57900 93500765 97864543
58001 58000 93778720 97974890
58101 58100 94886748 99187926
58201 58200 95970067 100432653
58301 58300 96141237 100662472
58401 58400 95951633 100312197
58501 58500 95551771 100163977
58601 58600 96458093 101161420
58701 58700 96934520 101416885
58801 58800 97988576 102637390
58901 58900 97876204 102518986
59001 59000 98537669 103302119
59101 59100 96994895 101401789
59201 59200 97937777 102234842
59301 59300 98512644 103084245
59401 59400 97502223 102030413
59501 59500 98597222 103216604
59601 59600 97120457 101659410
59701 59700 99636205 104080479
59801 59800 100326803 104921022
59901 59900 99722509 104273576
60001 60000 98339020 102742388
60101 60100 99167149 103743694
60201 60200 101717620 106290876
60301 60300 101071189 105629688
60401 60400 101039632 105609814
60501 60500 103623726 108214979
60601 60600 102652196 107424960
60701 60700 101893028 106370140
60801 60800 103627330 108269352
60901 60900 104409042 109160093
61001 61000 103201196 107846877
61101 61100 103376930 108121043
61201 61200 103493772 108174902
61301 61300 102753958 107539075
61401 61400 103828057 108380447
61501 61500 104363408 108958219
61601 61600 105207401 109858600
61701 61700 103261435 108015078
61801 61800 107538841 112407103
61901 61900 104699380 109358356
62001 62000 105723535 110486639
62101 62100 107032304 111738424
62201 62200 108241322 113439979
62301 62300 108354550 113134105
62401 62400 106416706 110977147
62501 62500 107397591 112305120
62601 62600 106068654 110678866
62701 62700 108685734 113327173
62801 62800 109405282 114136290
62901 62900 108746619 113479288
63001 63000 108685826 113560770
63101 63100 109576159 114432448
63201 63200 110991929 115926502
63301 63300 109492669 114413142
63401 63400 111450832 116317661
63501 63500 110072259 114976666
63601 63600 109132702 113992949
63701 63700 113154380 118100790
63801 63800 111190640 116091660
63901 63900 110582532 115243058
64001 64000 110362997 115026536
64101 64100 110841340 115709528
64201 64200 112041446 116865626
64301 64300 113044537 118027570
64401 64400 113087722 117927190
64501 64500 113092648 117893047
64601 64600 114353786 119373794
64701 64700 114241549 119232154
64801 64800 113126391 117960304
64901 64900 115793167 120952035
65001 65000 114086523 118871374
65101 65100 116074660 120900757
65201 65200 116279818 121301843
65301 65300 118131821 123018026
65401 65400 117884440 122810110
65501 65500 116584549 121820245
65601 65600 116430409 121265445
65701 65700 115036838 119909447
65801 65800 117673409 122833469
65901 65900 119792445 124916349
66001 66000 119121989 124025239
66101 66100 119479794 124580001
66201 66200 119579548 124666276
66301 66300 119602142 124788707
66401 66400 121296341 126584719
66501 66500 119773697 124672130
66601 66600 121786363 126869732
66701 66700 120977740 126115872
66801 66800 118737334 123629387
66901 66900 122807692 128090848
67001 67000 122041184 127102688
67101 67100 121164002 126156552
67201 67200 122883502 128141306
67301 67300 120337623 125466067
67401 67400 121343558 126311112
67501 67500 124390923 129625761
67601 67600 125086743 130167335
67701 67700 122839057 127996073
67801 67800 122930291 128065037
67901 67900 125758325 131058659
68001 68000 124090906 129318574
68101 68100 125333310 130681983
68201 68200 123125190 128242367
68301 68300 124739787 129984772
68401 68400 124900966 129950456
68501 68500 125414830 130387274
68601 68600 127412500 132480080
68701 68700 128514739 133885577
68801 68800 125086165 130183712
68901 68900 131091090 136257734
69001 69000 126690045 131764878
69101 69100 126521084 131800191
69201 69200 130381077 135842807
69301 69300 126100161 131353061
69401 69400 129537939 134935254
69501 69500 130333205 135795