10 45 45 21
11 55 55 32
12 66 66 42
13 78 78 24
14 91 91 49
15 105 105 64
16 120 120 58
17 136 136 57
18 153 153 82
19 171 171 85
20 190 190 102
21 210 210 81
22 231 231 131
23 253 253 167
24 276 276 134
25 300 300 133
26 325 325 160
27 351 351 195
28 378 378 162
29 406 406 158
30 435 435 207
31 465 465 255
32 496 496 301
33 528 528 331
34 561 561 266
35 595 595 227
36 630 630 259
37 666 666 319
38 703 703 327
39 741 741 410
40 780 780 438
41 820 820 371
42 861 861 408
43 903 903 497
44 946 946 458
45 990 990 527
46 1035 1035 534
47 1081 1081 442
48 1128 1128 532
49 1176 1176 488
50 1225 1225 606
51 1275 1275 650
52 1326 1326 704
53 1378 1378 560
54 1431 1431 680
55 1485 1485 795
56 1540 1540 652
57 1596 1596 707
58 1653 1653 667
59 1711 1711 792
60 1770 1770 928
61 1830 1830 801
62 1891 1891 1041
63 1953 1953 998
64 2016 2016 897
65 2080 2080 902
66 2145 2145 883
67 2211 2211 1248
68 2278 2278 1024
69 2346 2346 1053
70 2415 2415 1131
71 2485 2485 1248
72 2556 2556 1280
73 2628 2628 1189
74 2701 2701 1000
75 2775 2775 1197
76 2850 2850 1339
77 2926 2926 1366
78 3003 3003 1436
79 3081 3081 1499
80 3160 3160 1485
81 3240 3240 1337
82 3321 3321 1630
83 3403 3403 1750
84 3486 3486 1586
85 3570 3570 1552
86 3655 3655 1607
87 3741 3741 2010
88 3828 3828 1894
89 3916 3916 1814
90 4005 4005 2166
91 4095 4095 1861
92 4186 4186 2180
93 4278 4278 2094
94 4371 4371 1949
95 4465 4465 1925
96 4560 4560 2296
97 4656 4656 2230
98 4753 4753 2474
99 4851 4851 2199
100 4950 4950 2424
101 5050 5050 2354
102 5151 5151 2291
103 5253 5253 2400
104 5356 5356 2926
105 5460 5460 2303
106 5565 5565 2815
107 5671 5671 2768
108 5778 5778 3072
109 5886 5886 2718
110 5995 5995 2842
111 6105 6105 3164
112 6216 6216 2747
113 6328 6328 2705
114 6441 6441 3102
115 6555 6555 3573
116 6670 6670 3098
117 6786 6786 3499
118 6903 6903 3016
119 7021 7021 3267
120 7140 7140 3625
121 7260 7260 3419
122 7381 7381 3678
123 7503 7503 3412
124 7626 7626 3680
125 7750 7750 3333
126 7875 7875 3476
127 8001 8001 3797
128 8128 8128 4033
129 8256 8256 4371
130 8385 8385 3859
131 8515 8515 4022
132 8646 8646 4652
133 8778 8778 4494
134 8911 8911 4409
135 9045 9045 4175
136 9180 9180 4266
137 9316 9316 4558
138 9453 9453 4573
139 9591 9591 4804
140 9730 9730 4797
141 9870 9870 4904
142 10011 10011 4548
143 10153 10153 4758
144 10296 10296 4832
145 10440 10440 5037
146 10585 10585 5128
147 10731 10731 4900
148 10878 10878 5049
149 11026 11026 5148
150 11175 11175 5955
151 11325 11325 5509
152 11476 11476 5312
153 11628 11628 6448
154 11781 11781 5466
155 11935 11935 6338
156 12090 12090 5871
157 12246 12246 5783
158 12403 12403 6201
159 12561 12561 5405
160 12720 12720 6386
161 12880 12880 5975
162 13041 13041 6480
163 13203 13203 5819
164 13366 13366 6850
165 13530 13530 6334
166 13695 13695 6313
167 13861 13861 6485
168 14028 14028 6775
169 14196 14196 6999
170 14365 14365 7012
171 14535 14535 6379
172 14706 14706 6605
173 14878 14878 8204
174 15051 15051 7559
175 15225 15225 7889
176 15400 15400 8116
177 15576 15576 7212
178 15753 15753 7898
179 15931 15931 7819
180 16110 16110 7315
181 16290 16290 6672
182 16471 16471 8547
183 16653 16653 8432
184 16836 16836 8291
185 17020 17020 8371
186 17205 17205 9074
187 17391 17391 8514
188 17578 17578 8834
189 17766 17766 7895
190 17955 17955 8264
191 18145 18145 8981
192 18336 18336 8196
193 18528 18528 8880
194 18721 18721 7659
195 18915 18915 8876
196 19110 19110 9908
197 19306 19306 9460
198 19503 19503 8493
199 19701 19701 9758
200 19900 19900 9844
201 20100 20100 9896
202 20301 20301 9034
203 20503 20503 10193
204 20706 20706 9921
205 20910 20910 10605
206 21115 21115 10071
207 21321 21321 10220
208 21528 21528 9326
209 21736 21736 10516
210 21945 21945 10851
211 22155 22155 10541
212 22366 22366 10711
213 22578 22578 11231
214 22791 22791 11367
215 23005 23005 11277
216 23220 23220 12212
217 23436 23436 11373
218 23653 23653 11306
219 23871 23871 11579
220 24090 24090 11489
221 24310 24310 11683
222 24531 24531 12444
223 24753 24753 12499
224 24976 24976 12068
225 25200 25200 11493
226 25425 25425 11846
227 25651 25651 12059
228 25878 25878 12227
229 26106 26106 12220
230 26335 26335 12432
231 26565 26565 11724
232 26796 26796 13074
233 27028 27028 13185
234 27261 27261 13355
235 27495 27495 13497
236 27730 27730 12438
237 27966 27966 13228
238 28203 28203 13071
239 28441 28441 13640
240 28680 28680 13368
241 28920 28920 13337
242 29161 29161 14172
243 29403 29403 13740
244 29646 29646 13738
245 29890 29890 13820
246 30135 30135 14460
247 30381 30381 15712
248 30628 30628 16070
249 30876 30876 14954
250 31125 31125 14897
251 31375 31375 14279
252 31626 31626 14360
253 31878 31878 15564
254 32131 32131 15098
255 32385 32385 15097
256 32640 32640 14798
257 32896 32896 15931
258 33153 33153 16311
259 33411 33411 17702
260 33670 33670 15460
261 33930 33930 15460
262 34191 34191 16386
263 34453 34453 16743
264 34716 34716 15964
265 34980 34980 17087
266 35245 35245 18122
267 35511 35511 17217
268 35778 35778 17168
269 36046 36046 18006
270 36315 36315 17200
271 36585 36585 17701
272 36856 36856 17145
273 37128 37128 17475
274 37401 37401 17124
275 37675 37675 17575
276 37950 37950 18746
277 38226 38226 18304
278 38503 38503 19174
279 38781 38781 18626
280 39060 39060 18753
281 39340 39340 18192
282 39621 39621 19796
283 39903 39903 20082
284 40186 40186 18519
285 40470 40470 19237
286 40755 40755 20449
287 41041 41041 20415
288 41328 41328 20245
289 41616 41616 20405
290 41905 41905 20752
291 42195 42195 22049
292 42486 42486 20995
293 42778 42778 20462
294 43071 43071 20154
295 43365 43365 22006
296 43660 43660 22141
297 43956 43956 21653
298 44253 44253 21822
299 44551 44551 22477
300 44850 44850 22620
301 45150 45150 20449
302 45451 45451 21998
303 45753 45753 22156
304 46056 46056 23015
305 46360 46360 22221
306 46665 46665 21641
307 46971 46971 21813
308 47278 47278 21459
309 47586 47586 22053
310 47895 47895 22842
311 48205 48205 23492
312 48516 48516 22845
313 48828 48828 23200
314 49141 49141 23789
315 49455 49455 23642
316 49770 49770 23137
317 50086 50086 22822
318 50403 50403 25421
319 50721 50721 23676
320 51040 51040 23234
321 51360 51360 25014
322 51681 51681 25077
323 52003 52003 25676
324 52326 52326 25111
325 52650 52650 27297
326 52975 52975 25273
327 53301 53301 25486
328 53628 53628 25889
329 53956 53956 26458
330 54285 54285 25630
331 54615 54615 25510
332 54946 54946 26034
333 55278 55278 28119
334 55611 55611 27753
335 55945 55945 27101
336 56280 56280 27214
337 56616 56616 25941
338 56953 56953 28202
339 57291 57291 27853
340 57630 57630 29593
341 57970 57970 27651
342 58311 58311 28599
343 58653 58653 28177
344 58996 58996 28570
345 59340 59340 27292
346 59685 59685 29129
347 60031 60031 27422
348 60378 60378 28033
349 60726 60726 27997
350 61075 61075 30507
351 61425 61425 29863
352 61776 61776 28447
353 62128 62128 28771
354 62481 62481 29382
355 62835 62835 31723
356 63190 63190 31692
357 63546 63546 31522
358 63903 63903 31646
359 64261 64261 31059
360 64620 64620 31899
361 64980 64980 32448
362 65341 65341 30902
363 65703 65703 32113
364 66066 66066 31013
365 66430 66430 32478
366 66795 66795 30612
367 67161 67161 34011
368 67528 67528 34348
369 67896 67896 33252
370 68265 68265 32918
371 68635 68635 33043
372 69006 69006 30492
373 69378 69378 31780
374 69751 69751 34879
375 70125 70125 33533
376 70500 70500 34734
377 70876 70876 32898
378 71253 71253 34445
379 71631 71631 33910
380 72010 72010 34887
381 72390 72390 35019
382 72771 72771 33326
383 73153 73153 35673
384 73536 73536 34713
385 73920 73920 34675
386 74305 74305 33797
387 74691 74691 33468
388 75078 75078 34588
389 75466 75466 37555
390 75855 75855 35900
391 76245 76245 36696
392 76636 76636 38134
393 77028 77028 36394
394 77421 77421 36576
395 77815 77815 36681
396 78210 78210 37245
397 78606 78606 39135
398 79003 79003 36657
399 79401 79401 39199
400 79800 79800 38435
401 80200 80200 39449
402 80601 80601 36049
403 81003 81003 36900
404 81406 81406 38261
405 81810 81810 37161
406 82215 82215 40488
407 82621 82621 40436
408 83028 83028 39278
409 83436 83436 37446
410 83845 83845 39897
411 84255 84255 41628
412 84666 84666 41524
413 85078 85078 39340
414 85491 85491 43589
415 85905 85905 41058
416 86320 86320 40729
417 86736 86736 43367
418 87153 87153 40194
419 87571 87571 42101
420 87990 87990 44509
421 88410 88410 38951
422 88831 88831 42185
423 89253 89253 46393
424 89676 89676 45939
425 90100 90100 43638
426 90525 90525 46551
427 90951 90951 43130
428 91378 91378 42421
429 91806 91806 44185
430 92235 92235 47395
431 92665 92665 45277
432 93096 93096 42912
433 93528 93528 45770
434 93961 93961 47092
435 94395 94395 45707
436 94830 94830 44754
437 95266 95266 48624
438 95703 95703 47018
439 96141 96141 46436
440 96580 96580 44977
441 97020 97020 47087
442 97461 97461 44848
443 97903 97903 48770
444 98346 98346 46070
445 98790 98790 45829
446 99235 99235 47388
447 99681 99681 48122
448 100128 100128 47380
449 100576 100576 49292
450 101025 101025 48796
451 101475 101475 48018
452 101926 101926 51056
453 102378 102378 48725
454 102831 102831 49533
455 103285 103285 53886
456 103740 103740 50317
457 104196 104196 48146
458 104653 104653 52586
459 105111 105111 48555
460 105570 105570 52092
461 106030 106030 52783
462 106491 106491 50903
463 106953 106953 52738
464 107416 107416 52536
465 107880 107880 48246
466 108345 108345 52919
467 108811 108811 52493
468 109278 109278 51924
469 109746 109746 53983
470 110215 110215 53086
471 110685 110685 53064
472 111156 111156 51262
473 111628 111628 54001
474 112101 112101 52555
475 112575 112575 52491
476 113050 113050 55779
477 113526 113526 56912
478 114003 114003 52490
479 114481 114481 56357
480 114960 114960 54500
481 115440 115440 56250
482 115921 115921 57114
483 116403 116403 53307
484 116886 116886 57299
485 117370 117370 56064
486 117855 117855 57974
487 118341 118341 56337
488 118828 118828 55490
489 119316 119316 58907
490 119805 119805 57532
491 120295 120295 55482
492 120786 120786 59758
493 121278 121278 58590
494 121771 121771 59015
495 122265 122265 59013
496 122760 122760 60625
497 123256 123256 58981
498 123753 123753 58032
499 124251 124251 59756
500 124750 124750 59462
501 125250 125250 60642
502 125751 125751 61082
503 126253 126253 61459
504 126756 126756 62008
505 127260 127260 57277
506 127765 127765 62529
507 128271 128271 60593
508 128778 128778 61995
509 129286 129286 61714
510 129795 129795 64167
511 130305 130305 61358
512 130816 130816 65436
513 131328 131328 65317
514 131841 131841 64394
515 132355 132355 64080
516 132870 132870 61266
517 133386 133386 59694
518 133903 133903 60046
519 134421 134421 65401
520 134940 134940 63315
521 135460 135460 65463
522 135981 135981 66701
523 136503 136503 68952
524 137026 137026 66118
525 137550 137550 69586
526 138075 138075 68180
527 138601 138601 64665
528 139128 139128 63652
529 139656 139656 66964
530 140185 140185 68183
531 140715 140715 68843
532 141246 141246 66884
533 141778 141778 69220
534 142311 142311 67878
535 142845 142845 65619
536 143380 143380 71852
537 143916 143916 68531
538 144453 144453 67478
539 144991 144991 69179
540 145530 145530 71782
541 146070 146070 71907
542 146611 146611 69109
543 147153 147153 70355
544 147696 147696 72722
545 148240 148240 70430
546 148785 148785 68290
547 149331 149331 70144
548 149878 149878 73993
549 150426 150426 75159
550 150975 150975 70642
551 151525 151525 71632
552 152076 152076 70892
553 152628 152628 76090
554 153181 153181 73460
555 153735 153735 71605
556 154290 154290 71165
557 154846 154846 77379
558 155403 155403 74913
559 155961 155961 76434
560 156520 156520 71963
561 157080 157080 72248
562 157641 157641 77186
563 158203 158203 74216
564 158766 158766 80048
565 159330 159330 74483
566 159895 159895 76918
567 160461 160461 77780
568 161028 161028 78023
569 161596 161596 73602
570 162165 162165 75708
571 162735 162735 79118
572 163306 163306 79284
573 163878 163878 76963
574 164451 164451 78600
575 165025 165025 79806
576 165600 165600 71980
577 166176 166176 78212
578 166753 166753 80044
579 167331 167331 79969
580 167910 167910 80297
581 168490 168490 78935
582 169071 169071 82842
583 169653 169653 82802
584 170236 170236 79831
585 170820 170820 86502
586 171405 171405 84643
587 171991 171991 81464
588 172578 172578 81109
589 173166 173166 83485
590 173755 173755 83337
591 174345 174345 86155
592 174936 174936 83365
593 175528 175528 91503
594 176121 176121 82484
595 176715 176715 86529
596 177310 177310 84650
597 177906 177906 80775
598 178503 178503 89135
599 179101 179101 89590
600 179700 179700 91029
601 180300 180300 85718
602 180901 180901 84304
603 181503 181503 87007
604 182106 182106 89354
605 182710 182710 84492
606 183315 183315 91671
607 183921 183921 89736
608 184528 184528 86165
609 185136 185136 94276
610 185745 185745 89365
611 186355 186355 86279
612 186966 186966 89010
613 187578 187578 90838
614 188191 188191 86724
615 188805 188805 89795
616 189420 189420 88677
617 190036 190036 88262
618 190653 190653 95363
619 191271 191271 87486
620 191890 191890 93258
621 192510 192510 94276
622 193131 193131 92266
623 193753 193753 90951
624 194376 194376 94417
625 195000 195000 88601
626 195625 195625 100368
627 196251 196251 98990
628 196878 196878 91175
629 197506 197506 92141
630 198135 198135 94446
631 198765 198765 100476
632 199396 199396 98208
633 200028 200028 99614
634 200661 200661 97188
635 201295 201295 98238
636 201930 201930 98414
637 202566 202566 93281
638 203203 203203 99923
639 203841 203841 99497
640 204480 204480 96079
641 205120 205120 96606
642 205761 205761 100018
643 206403 206403 100937
644 207046 207046 99339
645 207690 207690 97337
646 208335 208335 101184
647 208981 208981 104255
648 209628 209628 105310
649 210276 210276 103715
650 210925 210925 100481
651 211575 211575 100125
652 212226 212226 102986
653 212878 212878 104953
654 213531 213531 112169
655 214185 214185 99221
656 214840 214840 104008
657 215496 215496 106141
658 216153 216153 98889
659 216811 216811 97827
660 217470 217470 105944
661 218130 218130 100566
662 218791 218791 105035
663 219453 219453 104322
664 220116 220116 104587
665 220780 220780 105487
666 221445 221445 105986
667 222111 222111 105616
668 222778 222778 103463
669 223446 223446 109007
670 224115 224115 108815
671 224785 224785 108620
672 225456 225456 109002
673 226128 226128 106435
674 226801 226801 110489
675 227475 227475 110985
676 228150 228150 108888
677 228826 228826 106869
678 229503 229503 114407
679 230181 230181 113892
680 230860 230860 108373
681 231540 231540 109510
682 232221 232221 106246
683 232903 232903 114977
684 233586 233586 107938
685 234270 234270 115138
686 234955 234955 109172
687 235641 235641 110023
688 236328 236328 111025
689 237016 237016 112269
690 237705 237705 107348
691 238395 238395 117259
692 239086 239086 120461
693 239778 239778 114229
694 240471 240471 119710
695 241165 241165 110179
696 241860 241860 115518
697 242556 242556 108297
698 243253 243253 114814
699 243951 243951 108539
700 244650 244650 119689
701 245350 245350 119422
702 246051 246051 117234
703 246753 246753 116885
704 247456 247456 117641
705 248160 248160 121601
706 248865 248865 121112
707 249571 249571 116166
708 250278 250278 123489
709 250986 250986 120041
710 251695 251695 125050
711 252405 252405 120573
712 253116 253116 126772
713 253828 253828 123870
714 254541 254541 118372
715 255255 255255 128161
716 255970 255970 119438
717 256686 256686 122685
718 257403 257403 124895
719 258121 258121 122597
720 258840 258840 122864
721 259560 259560 125751
722 260281 260281 128248
723 261003 261003 132572
724 261726 261726 124894
725 262450 262450 127182
726 263175 263175 123597
727 263901 263901 125156
728 264628 264628 130162
729 265356 265356 124197
730 266085 266085 126744
731 266815 266815 127819
732 267546 267546 124260
733 268278 268278 129497
734 269011 269011 131263
735 269745 269745 131039
736 270480 270480 131955
737 271216 271216 125868
738 271953 271953 131985
739 272691 272691 137869
740 273430 273430 130339
741 274170 274170 133531
742 274911 274911 131408
743 275653 275653 134744
744 276396 276396 132228
745 277140 277140 129368
746 277885 277885 133660
747 278631 278631 129111
748 279378 279378 140000
749 280126 280126 127255
750 280875 280875 134858
751 281625 281625 133812
752 282376 282376 130715
753 283128 283128 130180
754 283881 283881 144307
755 284635 284635 137973
756 285390 285390 138023
757 286146 286146 139105
758 286903 286903 137420
759 287661 287661 140469
760 288420 288420 131265
761 289180 289180 139917
762 289941 289941 139441
763 290703 290703 141028
764 291466 291466 135962
765 292230 292230 143527
766 292995 292995 140657
767 293761 293761 142634
768 294528 294528 140753
769 295296 295296 139331
770 296065 296065 145462
771 296835 296835 145769
772 297606 297606 144115
773 298378 298378 142771
774 299151 299151 141187
775 299925 299925 146009
776 300700 300700 144264
777 301476 301476 143141
778 302253 302253 147132
779 303031 303031 142495
780 303810 303810 150076
781 304590 304590 144110
782 305371 305371 143454
783 306153 306153 143655
784 306936 306936 142369
785 307720 307720 147753
786 308505 308505 147068
787 309291 309291 155568
788 310078 310078 143939
789 310866 310866 149619
790 311655 311655 148795
791 312445 312445 153845
792 313236 313236 151332
793 314028 314028 152925
794 314821 314821 154054
795 315615 315615 142305
796 316410 316410 152009
797 317206 317206 148325
798 318003 318003 156996
799 318801 318801 145795
800 319600 319600 151910
801 320400 320400 153282
802 321201 321201 156275
803 322003 322003 155847
804 322806 322806 162732
805 323610 323610 150363
806 324415 324415 156984
807 325221 325221 157907
808 326028 326028 158990
809 326836 326836 162602
810 327645 327645 159054
811 328455 328455 150713
812 329266 329266 157161
813 330078 330078 152488
814 330891 330891 160509
815 331705 331705 157176
816 332520 332520 156612
817 333336 333336 158402
818 334153 334153 159901
819 334971 334971 165163
820 335790 335790 155230
821 336610 336610 162498
822 337431 337431 161446
823 338253 338253 163958
824 339076 339076 159902
825 339900 339900 167075
826 340725 340725 166923
827 341551 341551 176753
828 342378 342378 168088
829 343206 343206 165557
830 344035 344035 168931
831 344865 344865 166716
832 345696 345696 164489
833 346528 346528 166005
834 347361 347361 162114
835 348195 348195 171030
836 349030 349030 179082
837 349866 349866 172844
838 350703 350703 161327
839 351541 351541 170209
840 352380 352380 175874
841 353220 353220 170341
842 354061 354061 171122
843 354903 354903 175971
844 355746 355746 168702
845 356590 356590 176190
846 357435 357435 172421
847 358281 358281 171127
848 359128 359128 169156
849 359976 359976 172043
850 360825 360825 173666
851 361675 361675 170635
852 362526 362526 173023
853 363378 363378 172760
854 364231 364231 171050
855 365085 365085 173733
856 365940 365940 174380
857 366796 366796 179274
858 367653 367653 174438
859 368511 368511 172050
860 369370 369370 176096
861 370230 370230 176381
862 371091 371091 185743
863 371953 371953 179627
864 372816 372816 182561
865 373680 373680 185445
866 374545 374545 187405
867 375411 375411 175799
868 376278 376278 179467
869 377146 377146 181551
870 378015 378015 178425
871 378885 378885 187775
872 379756 379756 184308
873 380628 380628 179581
874 381501 381501 186777
875 382375 382375 180105
876 383250 383250 197120
877 384126 384126 185645
878 385003 385003 193906
879 385881 385881 187848
880 386760 386760 191628
881 387640 387640 188592
882 388521 388521 192740
883 389403 389403 182474
884 390286 390286 185091
885 391170 391170 188210
886 392055 392055 190761
887 392941 392941 185962
888 393828 393828 184240
889 394716 394716 189449
890 395605 395605 187595
891 396495 396495 193251
892 397386 397386 192854
893 398278 398278 188905
894 399171 399171 196735
895 400065 400065 188455
896 400960 400960 189727
897 401856 401856 189481
898 402753 402753 184608
899 403651 403651 191492
900 404550 404550 201023
901 405450 405450 193188
902 406351 406351 198817
903 407253 407253 193366
904 408156 408156 199142
905 409060 409060 203170
906 409965 409965 196741
907 410871 410871 206245
908 411778 411778 196618
909 412686 412686 195436
910 413595 413595 195882
911 414505 414505 206743
912 415416 415416 196640
913 416328 416328 194439
914 417241 417241 203830
915 418155 418155 203872
916 419070 419070 201336
917 419986 419986 203274
918 420903 420903 202558
919 421821 421821 200390
920 422740 422740 208094
921 423660 423660 207528
922 424581 424581 212182
923 425503 425503 207339
924 426426 426426 210366
925 427350 427350 202213
926 428275 428275 204670
927 429201 429201 214099
928 430128 430128 209540
929 431056 431056 205062
930 431985 431985 211001
931 432915 432915 206723
932 433846 433846 210964
933 434778 434778 212841
934 435711 435711 203802
935 436645 436645 214537
936 437580 437580 212998
937 438516 438516 204744
938 439453 439453 206688
939 440391 440391 209321
940 441330 441330 212121
941 442270 442270 217655
942 443211 443211 211724
943 444153 444153 217032
944 445096 445096 209642
945 446040 446040 220900
946 446985 446985 214700
947 447931 447931 218737
948 448878 448878 222596
949 449826 449826 215457
950 450775 450775 223304
951 451725 451725 221035
952 452676 452676 222777
953 453628 453628 223184
954 454581 454581 216239
955 455535 455535 223309
956 456490 456490 219172
957 457446 457446 211870
958 458403 458403 216887
959 459361 459361 222362
960 460320 460320 222358
961 461280 461280 225751
962 462241 462241 231489
963 463203 463203 224317
964 464166 464166 215565
965 465130 465130 230857
966 466095 466095 218486
967 467061 467061 225172
968 468028 468028 231133
969 468996 468996 227550
970 469965 469965 227510
971 470935 470935 228649
972 471906 471906 231945
973 472878 472878 228081
974 473851 473851 231363
975 474825 474825 237213
976 475800 475800 230370
977 476776 476776 228887
978 477753 477753 230628
979 478731 478731 232381
980 479710 479710 229434
981 480690 480690 225080
982 481671 481671 238065
983 482653 482653 231880
984 483636 483636 234102
985 484620 484620 242215
986 485605 485605 230207
987 486591 486591 240259
988 487578 487578 230149
989 488566 488566 226889
990 489555 489555 245434
991 490545 490545 238056
992 491536 491536 241222
993 492528 492528 236067
994 493521 493521 229697
995 494515 494515 237812
996 495510 495510 231047
997 496506 496506 241509
998 497503 497503 229051
999 498501 498501 234343
1000 499500 499500 240522
