10 45 26 26
11 40 32 28
12 41 33 28
13 41 39 33
14 42 40 42
15 48 44 49
16 76 52 51
17 60 54 59
18 63 58 61
19 73 61 64
20 88 67 73
21 82 72 78
22 80 77 77
23 107 86 89
24 123 85 92
25 125 95 102
26 106 99 103
27 115 101 109
28 146 106 123
29 133 109 114
30 149 120 132
31 151 121 137
32 147 127 139
33 174 132 146
34 162 127 166
35 201 144 161
36 177 147 167
37 230 150 177
38 219 161 190
39 199 170 181
40 265 166 185
41 202 175 202
42 277 178 209
43 250 192 210
44 219 194 231
45 313 203 231
46 302 203 242
47 258 207 255
48 304 216 246
49 298 221 252
50 268 232 263
51 275 240 288
52 296 232 289
53 321 248 290
54 299 257 299
55 309 257 306
56 392 259 315
57 318 274 317
58 347 275 334
59 355 289 349
60 400 287 334
61 330 303 357
62 380 303 368
63 375 304 368
64 440 313 377
65 381 317 389
66 380 324 381
67 424 333 403
68 388 337 424
69 438 350 428
70 477 346 423
71 489 350 448
72 463 370 434
73 463 373 460
74 429 380 462
75 476 380 460
76 579 383 466
77 463 396 474
78 471 394 494
79 512 413 504
80 566 418 515
81 484 417 514
82 556 438 524
83 587 437 523
84 552 449 546
85 607 451 545
86 561 459 549
87 599 465 550
88 635 469 581
89 631 476 563
90 610 486 588
91 651 479 598
92 656 501 598
93 635 506 643
94 711 511 618
95 634 517 635
96 661 522 635
97 738 534 664
98 781 541 664
99 634 536 641
100 710 554 676
101 717 553 689
102 719 557 682
103 718 566 709
104 844 575 726
105 742 586 724
106 771 600 730
107 758 598 755
108 1000 591 762
109 763 612 744
110 871 619 792
111 784 614 792
112 829 635 796
113 880 644 797
114 998 651 809
115 812 659 799
116 933 647 811
117 785 669 849
118 916 679 842
119 938 690 855
120 986 680 852
121 1172 691 882
122 812 695 883
123 919 709 893
124 949 716 898
125 897 719 913
126 885 727 925
127 937 743 940
128 1066 747 945
129 1098 748 934
130 1054 764 974
131 1121 761 966
132 996 768 958
133 992 774 955
134 1047 786 978
135 1006 793 1024
136 1013 812 1031
137 999 816 1024
138 1048 811 1041
139 1130 828 1051
140 1166 814 1042
141 1163 834 1088
142 1186 837 1064
143 1064 851 1067
144 1094 867 1082
145 1110 852 1090
146 1068 869 1099
147 1233 878 1119
148 1181 889 1122
149 1148 902 1142
150 1305 905 1150
151 1140 919 1186
152 1226 918 1148
153 1213 930 1204
154 1177 939 1191
155 1397 940 1178
156 1206 950 1212
157 1383 950 1214
158 1255 964 1231
159 1308 979 1225
160 1367 984 1225
161 1449 991 1263
162 1275 994 1258
163 1239 1004 1258
164 1297 1017 1259
165 1363 1028 1301
166 1393 1028 1307
167 1432 1025 1304
168 1276 1039 1318
169 1441 1054 1333
170 1321 1057 1376
171 1512 1056 1346
172 1576 1072 1354
173 1370 1078 1384
174 1526 1092 1352
175 1525 1095 1407
176 1402 1103 1411
177 1582 1113 1427
178 1738 1108 1412
179 1467 1117 1405
180 1594 1137 1430
181 1540 1151 1475
182 1623 1155 1478
183 1608 1163 1487
184 1693 1158 1493
185 1538 1174 1468
186 1589 1184 1487
187 1645 1196 1495
188 1597 1183 1574
189 1585 1211 1533
190 1522 1215 1562
191 1684 1226 1550
192 1682 1201 1541
193 1776 1229 1578
194 1611 1244 1611
195 1714 1249 1597
196 1700 1238 1616
197 1672 1262 1637
198 1641 1263 1655
199 1768 1281 1659
200 1595 1299 1650
201 1678 1316 1696
202 1783 1306 1644
203 1572 1293 1669
204 1717 1322 1702
205 1547 1319 1703
206 1709 1329 1711
207 1748 1348 1735
208 2106 1361 1757
209 1817 1363 1766
210 1725 1366 1728
211 1762 1362 1778
212 1901 1377 1781
213 1855 1379 1810
214 1910 1408 1799
215 2003 1398 1821
216 1870 1407 1795
217 1841 1417 1861
218 2185 1432 1817
219 1990 1452 1861
220 2130 1443 1873
221 2181 1454 1901
222 1830 1456 1874
223 1998 1461 1891
224 1890 1471 1890
225 2010 1476 1907
226 2058 1500 1941
227 2281 1502 1942
228 2168 1504 1947
229 2034 1514 1966
230 1969 1530 2023
231 2105 1537 1975
232 2164 1549 2014
233 1979 1556 2006
234 2107 1561 2020
235 2053 1562 2009
236 2259 1563 2044
237 2151 1594 2058
238 2220 1580 2037
239 2032 1591 2067
240 2719 1592 2062
241 2106 1608 2087
242 2110 1627 2114
243 1947 1630 2120
244 2025 1639 2108
245 2240 1642 2134
246 2216 1664 2143
247 2139 1659 2153
248 2338 1659 2163
249 2242 1681 2185
250 2118 1674 2201
251 2137 1693 2194
252 2222 1705 2186
253 2266 1694 2234
254 2396 1710 2228
255 2535 1722 2275
256 2819 1740 2259
257 2893 1731 2267
258 3052 1755 2273
259 2255 1757 2272
260 2237 1779 2275
261 2452 1786 2332
262 2270 1800 2337
263 2484 1781 2329
264 2361 1792 2334
265 2424 1815 2372
266 2388 1819 2334
267 2489 1820 2366
268 3012 1832 2411
269 2628 1847 2403
270 2376 1855 2410
271 2455 1867 2402
272 2453 1870 2425
273 2701 1889 2449
274 2511 1884 2484
275 2398 1884 2462
276 2834 1898 2466
277 2574 1920 2436
278 2556 1904 2474
279 2412 1929 2521
280 2825 1947 2509
281 2566 1946 2473
282 2601 1966 2576
283 2701 1949 2536
284 2761 1977 2573
285 2988 1972 2557
286 2616 1982 2564
287 2927 1991 2599
288 2593 1984 2585
289 2761 2001 2622
290 2584 2012 2623
291 2823 2022 2625
292 2763 2037 2650
293 2849 2039 2653
294 2535 2053 2635
295 2715 2058 2707
296 2808 2069 2710
297 2943 2086 2734
298 2681 2091 2737
299 2807 2080 2745
300 2750 2106 2748
301 2737 2103 2744
302 3127 2124 2771
303 3448 2119 2791
304 3016 2130 2797
305 2612 2155 2811
306 2869 2156 2825
307 2662 2160 2809
308 2988 2176 2828
309 3005 2181 2846
310 2803 2203 2843
311 2791 2216 2859
312 2909 2214 2858
313 2822 2215 2888
314 2813 2233 2891
315 3332 2246 2892
316 3337 2236 2936
317 2967 2249 2934
318 2979 2248 2962
319 3161 2255 2921
320 2956 2297 2989
321 3333 2275 2979
322 3006 2280 2973
323 2943 2279 2969
324 3156 2316 3007
325 3332 2323 3003
326 3230 2319 3059
327 3615 2337 3056
328 3188 2343 3059
329 3329 2359 3116
330 3268 2364 3094
331 3172 2387 3061
332 3214 2373 3158
333 3031 2404 3089
334 3357 2360 3132
335 2898 2381 3126
336 3563 2407 3099
337 3102 2399 3155
338 3159 2426 3161
339 2998 2453 3197
340 3688 2463 3192
341 3535 2466 3187
342 3326 2463 3232
343 3274 2483 3239
344 3269 2498 3241
345 3096 2463 3241
346 3429 2485 3284
347 3873 2515 3265
348 3345 2517 3250
349 3487 2521 3290
350 3533 2540 3303
351 3557 2542 3343
352 3431 2553 3320
353 3422 2555 3355
354 3847 2564 3323
355 3306 2565 3396
356 3631 2594 3378
357 3376 2588 3394
358 3337 2608 3432
359 3651 2608 3436
360 3567 2620 3416
361 3247 2637 3429
362 3883 2658 3453
363 3609 2642 3452
364 3788 2679 3519
365 3693 2659 3489
366 3584 2668 3503
367 3628 2677 3517
368 3527 2691 3528
369 3439 2688 3537
370 3688 2716 3560
371 3504 2714 3579
372 3574 2728 3544
373 3567 2747 3569
374 3721 2736 3593
375 3638 2761 3592
376 3528 2770 3608
377 3731 2770 3599
378 3604 2779 3686
379 3902 2782 3619
380 3869 2787 3704
381 3772 2795 3686
382 4329 2800 3714
383 3635 2806 3699
384 3805 2833 3709
385 4026 2835 3712
386 3682 2855 3718
387 3786 2859 3712
388 4023 2867 3760
389 4085 2901 3755
390 3754 2877 3788
391 3683 2907 3791
392 4295 2905 3799
393 3728 2920 3805
394 3550 2921 3836
395 3715 2932 3866
396 3886 2943 3865
397 3892 2947 3860
398 4240 2961 3917
399 4044 2934 3831
400 3873 2968 3915
401 3722 2966 3861
402 4098 2980 3945
403 4174 3001 3957
404 3959 3020 3914
405 3964 3002 3964
406 3959 3047 3941
407 4241 3014 3989
408 4045 3057 3995
409 4070 3034 4016
410 3996 3050 4028
411 3841 3103 4110
412 4174 3108 4060
413 4189 3069 4026
414 4463 3085 4091
415 4001 3116 4073
416 4157 3094 4073
417 5121 3152 4078
418 3804 3120 4081
419 4352 3144 4162
420 4127 3138 4113
421 3962 3165 4150
422 4134 3181 4175
423 5048 3171 4184
424 4183 3191 4155
425 4464 3173 4167
426 4214 3207 4241
427 5008 3214 4243
428 4426 3218 4227
429 4537 3213 4200
430 4080 3241 4285
431 4751 3242 4288
432 5281 3264 4319
433 4616 3265 4314
434 4308 3256 4303
435 4245 3283 4319
436 4216 3266 4313
437 4056 3323 4333
438 5265 3287 4339
439 5219 3290 4395
440 4390 3310 4379
441 4290 3323 4344
442 4270 3351 4419
443 4523 3369 4428
444 4275 3360 4416
445 4441 3362 4448
446 4516 3380 4447
447 4477 3400 4500
448 4303 3409 4495
449 4536 3426 4487
450 4684 3415 4481
451 4708 3431 4494
452 4924 3456 4478
453 4937 3453 4501
454 4872 3452 4573
455 4367 3470 4585
456 4616 3477 4570
457 4405 3508 4617
458 4536 3479 4603
459 5074 3498 4609
460 4759 3508 4620
461 4822 3504 4665
462 4761 3527 4664
463 5015 3553 4645
464 4570 3544 4655
465 5014 3561 4642
466 5222 3565 4686
467 4523 3555 4731
468 5157 3583 4741
469 5272 3609 4707
470 4853 3600 4737
471 5277 3578 4770
472 4751 3646 4782
473 4869 3607 4795
474 4731 3637 4812
475 4731 3637 4849
476 5066 3629 4840
477 5610 3653 4872
478 4770 3659 4870
479 5552 3689 4853
480 4850 3681 4872
481 4939 3711 4931
482 5043 3694 4871
483 5075 3691 4923
484 4920 3724 4924
485 5372 3726 4942
486 5164 3726 4977
487 5516 3736 4949
488 4805 3738 4922
489 5560 3759 5028
490 5093 3778 4996
491 5971 3774 5008
492 5317 3798 5014
493 5159 3774 4984
494 5267 3823 5063
495 4707 3830 5049
496 5024 3816 5059
497 5762 3826 5108
498 5105 3828 5105
499 4827 3850 5100
500 5327 3860 5113
501 5164 3871 5150
502 5583 3890 5175
503 5185 3887 5165
504 5447 3868 5210
505 5201 3901 5246
506 5830 3921 5202
507 4922 3944 5221
508 5421 3905 5247
509 5765 3936 5300
510 5318 3941 5226
511 5170 3963 5231
512 5585 3984 5332
513 5000 3978 5265
514 5949 3990 5369
515 5666 3995 5322
516 5494 4009 5311
517 5630 4018 5359
518 5483 4018 5337
519 6439 4018 5358
520 5788 4049 5355
521 6142 4061 5386
522 5736 4069 5359
523 5780 4078 5421
524 5510 4063 5428
525 5068 4101 5444
526 5974 4101 5423
527 5394 4090 5479
528 5933 4128 5512
529 5506 4141 5486
530 5475 4165 5492
531 5291 4156 5509
532 5386 4147 5529
533 5812 4164 5478
534 5776 4177 5542
535 5736 4185 5541
536 6703 4198 5564
537 5367 4180 5595
538 5885 4211 5578
539 5686 4215 5639
540 5827 4236 5581
541 5988 4256 5598
542 5653 4246 5647
543 6752 4241 5611
544 6098 4254 5597
545 5611 4278 5646
546 5662 4264 5690
547 6086 4307 5687
548 5322 4324 5695
549 5489 4342 5726
550 5788 4352 5762
551 5679 4336 5777
552 5452 4360 5789
553 6091 4379 5750
554 7005 4360 5791
555 6303 4389 5803
556 6088 4367 5790
557 5641 4369 5869
558 5619 4420 5851
559 5689 4400 5882
560 5802 4426 5854
561 6618 4447 5878
562 5919 4470 5920
563 6626 4446 5935
564 6255 4442 5915
565 6548 4468 5925
566 6198 4484 5870
567 6211 4480 5954
568 5969 4474 6020
569 6720 4510 6018
570 5790 4520 5993
571 6007 4534 6023
572 6295 4561 6010
573 6142 4534 6041
574 5878 4538 6002
575 5879 4605 6060
576 6836 4566 6117
577 6909 4598 6072
578 5935 4602 6078
579 6858 4602 6090
580 6750 4603 6144
581 5897 4640 6112
582 6150 4639 6139
583 6170 4633 6170
584 6312 4644 6156
585 6430 4666 6216
586 6274 4690 6207
587 6159 4701 6171
588 6919 4686 6251
589 5941 4718 6307
590 6295 4680 6249
591 6279 4706 6302
592 6279 4737 6289
593 6338 4717 6233
594 6940 4760 6302
595 6084 4777 6308
596 7477 4750 6310
597 6769 4785 6330
598 6318 4778 6315
599 7017 4802 6324
600 6408 4800 6348
601 6140 4787 6384
602 6403 4812 6390
603 6123 4845 6436
604 6644 4845 6363
605 6893 4856 6481
606 6313 4880 6462
607 6600 4868 6418
608 6602 4888 6530
609 7323 4898 6491
610 6549 4891 6467
611 6117 4902 6522
612 6388 4892 6553
613 7305 4921 6473
614 7581 4947 6512
615 6521 4958 6583
616 6577 4974 6597
617 6358 4979 6578
618 6271 4979 6573
619 6857 4982 6602
620 6370 4993 6639
621 6755 4998 6589
622 7220 5017 6651
623 6892 5012 6689
624 6842 5022 6676
625 7320 5063 6702
626 6497 5039 6696
627 6532 5056 6705
628 7033 5055 6709
629 7213 5072 6726
630 6442 5067 6736
631 7894 5099 6807
632 7020 5111 6747
633 6850 5109 6736
634 6654 5090 6793
635 7268 5157 6813
636 7479 5139 6851
637 7599 5153 6891
638 6638 5184 6831
639 7226 5210 6856
640 7084 5155 6871
641 6875 5168 6914
642 7039 5219 6928
643 7595 5217 6977
644 7623 5238 6962
645 6539 5228 6975
646 6987 5235 7005
647 6812 5255 6983
648 6630 5262 6993
649 7354 5275 6914
650 7155 5292 6976
651 6955 5293 7015
652 7271 5303 7061
653 7494 5318 7018
654 8002 5296 7097
655 7232 5343 7093
656 7400 5296 7102
657 6634 5322 7128
658 7096 5375 7097
659 8125 5374 7174
660 7011 5378 7190
661 7116 5397 7154
662 8287 5355 7194
663 8963 5387 7180
664 9026 5426 7189
665 7346 5420 7178
666 7020 5443 7167
667 7604 5435 7237
668 7138 5461 7242
669 7688 5470 7256
670 7287 5454 7349
671 7322 5465 7348
672 7437 5501 7299
673 7178 5507 7385
674 8663 5508 7274
675 7168 5513 7331
676 7403 5539 7358
677 7704 5544 7303
678 7458 5531 7419
679 7519 5558 7330
680 7679 5576 7403
681 7192 5553 7433
682 7729 5577 7413
683 7476 5608 7445
684 7822 5590 7444
685 8398 5586 7420
686 7193 5617 7472
687 8007 5631 7528
688 7794 5647 7538
689 7241 5659 7492
690 7539 5649 7594
691 7010 5688 7559
692 8002 5690 7564
693 7731 5695 7613
694 7665 5729 7594
695 7380 5709 7600
696 7352 5738 7564
697 7926 5761 7599
698 7548 5715 7633
699 8649 5743 7627
700 8541 5774 7692
701 7460 5767 7638
702 7461 5783 7692
703 8035 5773 7696
704 7389 5775 7763
705 8362 5784 7715
706 7825 5832 7783
707 7982 5839 7787
708 8780 5819 7759
709 7821 5806 7763
710 7481 5816 7782
711 8421 5862 7745
712 7992 5872 7810
713 7746 5905 7877
714 8171 5865 7822
715 8908 5918 7897
716 8977 5917 7839
717 7817 5917 7816
718 7956 5905 7858
719 7459 5952 7945
720 7873 5950 7939
721 7623 5965 7880
722 8305 5986 7949
723 7969 5999 8024
724 8460 5993 8016
725 7490 6012 7938
726 9109 6001 7990
727 8653 6044 7986
728 7636 6058 8064
729 8016 6042 8051
730 8391 6040 8025
731 8354 6068 8045
732 8202 6017 8076
733 8492 6103 8086
734 7611 6095 8141
735 8836 6100 8172
736 8090 6101 8060
737 9933 6126 8151
738 7829 6111 8180
739 8296 6103 8101
740 8514 6142 8191
741 8247 6159 8211
742 7739 6177 8259
743 9670 6179 8243
744 8378 6176 8241
745 7955 6212 8258
746 8783 6208 8285
747 8204 6225 8325
748 8509 6248 8331
749 8458 6226 8326
750 8713 6241 8301
751 8298 6258 8314
752 8399 6222 8399
753 8146 6257 8364
754 8411 6284 8374
755 8129 6297 8385
756 8640 6307 8412
757 8643 6279 8397
758 9097 6330 8412
759 7968 6346 8425
760 8536 6339 8534
761 8690 6331 8502
762 8278 6353 8413
763 8605 6388 8482
764 8867 6383 8549
765 8874 6401 8491
766 9802 6400 8501
767 8760 6402 8604
768 8846 6416 8553
769 9513 6453 8572
770 8783 6415 8603
771 8017 6462 8551
772 8396 6442 8656
773 10100 6457 8672
774 9003 6493 8543
775 8451 6489 8675
776 9613 6501 8686
777 9187 6505 8653
778 9437 6499 8705
779 8611 6519 8678
780 9402 6507 8734
781 9265 6543 8760
782 8703 6543 8773
783 8666 6563 8691
784 9667 6564 8757
785 8994 6585 8789
786 8826 6607 8812
787 8884 6619 8774
788 8536 6593 8857
789 8734 6640 8790
790 9314 6648 8880
791 8733 6637 8849
792 9069 6655 8882
793 9001 6643 8872
794 9477 6677 8934
795 8555 6676 8912
796 8647 6717 8938
797 9807 6678 9020
798 8916 6709 8954
799 8286 6720 9043
800 8881 6738 8956
801 8959 6751 8959
802 8813 6791 9050
803 9773 6775 8985
804 10065 6803 9040
805 9068 6750 9056
806 9494 6798 9156
807 8729 6822 9080
808 9424 6824 9097
809 9483 6784 9109
810 9240 6832 9113
811 9026 6827 9128
812 9165 6878 9170
813 9163 6833 9160
814 9875 6874 9156
815 9170 6877 9197
816 9293 6886 9181
817 9106 6900 9239
818 9384 6905 9176
819 9975 6896 9305
820 10141 6929 9318
821 9781 6947 9252
822 9251 6951 9334
823 9097 6977 9247
824 9443 6943 9305
825 9098 6996 9303
826 10416 7001 9338
827 10901 6994 9324
828 10291 7009 9377
829 10198 7052 9380
830 9600 7043 9432
831 9498 7023 9435
832 9325 7059 9431
833 9078 7071 9421
834 8800 7051 9432
835 9228 7096 9515
836 9315 7103 9474
837 9467 7090 9539
838 10745 7115 9448
839 9926 7109 9485
840 10199 7131 9562
841 10139 7137 9564
842 9801 7139 9530
843 9651 7164 9466
844 10245 7178 9562
845 9608 7175 9657
846 9306 7194 9597
847 9763 7198 9627
848 10175 7196 9628
849 9177 7211 9704
850 10064 7232 9630
851 9475 7207 9699
852 10481 7250 9678
853 9043 7244 9722
854 9698 7290 9711
855 9721 7269 9722
856 9341 7287 9747
857 9620 7287 9774
858 9753 7318 9799
859 9894 7307 9799
860 9717 7336 9784
861 10448 7343 9813
862 9785 7314 9877
863 9578 7363 9853
864 10192 7353 9887
865 10176 7351 9822
866 9674 7414 9946
867 10472 7405 9876
868 11124 7400 9922
869 9280 7394 9854
870 9606 7410 9949
871 10799 7436 9924
872 9944 7428 9929
873 11545 7451 9980
874 10375 7461 9920
875 11034 7464 10010
876 10414 7479 10014
877 9504 7496 10000
878 10171 7503 10015
879 9840 7522 10012
880 10259 7518 10085
881 10942 7557 10118
882 9731 7536 10076
883 10038 7540 10097
884 9563 7580 10225
885 9725 7570 10087
886 10214 7560 10140
887 10741 7618 10220
888 10127 7616 10208
889 10907 7610 10173
890 10176 7650 10295
891 10941 7647 10196
892 9597 7672 10255
893 9823 7668 10287
894 10503 7663 10223
895 10887 7678 10336
896 10662 7668 10328
897 9791 7689 10334
898 10053 7712 10290
899 10892 7721 10313
900 11663 7711 10306
901 10873 7721 10357
902 10368 7761 10410
903 10429 7739 10383
904 9804 7778 10449
905 11643 7755 10441
906 10534 7795 10402
907 10635 7784 10481
908 11193 7812 10485
909 11013 7814 10413
910 11507 7841 10453
911 9721 7813 10534
912 10057 7832 10473
913 10511 7856 10451
914 10292 7844 10550
915 10751 7854 10541
916 12103 7872 10610
917 10133 7887 10551
918 10869 7923 10625
919 11931 7907 10651
920 10574 7946 10551
921 12021 7914 10648
922 11576 7935 10640
923 11602 7952 10624
924 11091 7975 10735
925 11646 7978 10679
926 10789 7992 10744
927 10467 8003 10770
928 10686 7968 10708
929 9993 8018 10677
930 11270 8023 10763
931 10178 8056 10777
932 10656 8015 10801
933 11318 8087 10794
934 11338 8025 10760
935 11329 8064 10879
936 12401 8080 10776
937 11115 8071 10824
938 10236 8104 10929
939 11285 8097 10890
940 12192 8144 10877
941 10825 8120 10898
942 11361 8165 10951
943 10635 8173 10915
944 11199 8170 10947
945 10137 8168 10944
946 11940 8136 10957
947 11655 8196 11037
948 11503 8217 10997
949 12171 8172 11066
950 11202 8237 10998
951 11049 8228 11040
952 11423 8244 11094
953 11195 8226 11104
954 11795 8258 11132
955 12221 8305 11160
956 10721 8293 11154
957 10893 8305 11144
958 11022 8306 11126
959 10447 8316 11122
960 11352 8367 11177
961 12053 8318 11192
962 11617 8336 11184
963 11632 8331 11229
964 11520 8375 11206
965 12484 8350 11261
966 12110 8347 11212
967 11151 8344 11285
968 12211 8423 11289
969 11346 8398 11306
970 11234 8398 11387
971 11269 8394 11317
972 10866 8430 11281
973 11568 8446 11361
974 11819 8451 11393
975 10895 8474 11432
976 11118 8465 11359
977 10675 8470 11400
978 11545 8485 11452
979 11222 8497 11448
980 11660 8511 11381
981 11619 8532 11457
982 11596 8547 11505
983 11936 8537 11534
984 11709 8557 11568
985 12657 8564 11512
986 10781 8580 11518
987 11718 8567 11653
988 10618 8608 11506
989 11450 8614 11607
990 12280 8592 11646
991 13086 8620 11569
992 10618 8609 11563
993 11513 8652 11622
994 11890 8653 11681
995 11085 8661 11759
996 12284 8670 11672
997 11429 8707 11680
998 11739 8720 11706
999 11440 8722 11731
1000 11266 8745 11823
