1 4 0
2 8 0
3 12 0
4 16 2
5 20 2
6 24 4
7 28 5
8 32 8
9 36 11
10 40 8
11 44 12
12 48 14
13 52 15
14 56 17
15 60 21
16 64 27
17 68 28
18 72 33
19 76 26
20 80 39
21 84 39
22 88 45
23 92 51
24 96 47
25 100 60
26 104 64
27 108 67
28 112 65
29 116 67
30 120 78
31 124 77
32 128 88
33 132 84
34 136 119
35 140 118
36 144 119
37 148 125
38 152 130
39 156 125
40 160 158
41 164 138
42 168 124
43 172 174
44 176 186
45 180 179
46 184 174
47 188 204
48 192 202
49 196 223
50 200 219
51 204 224
52 208 255
53 212 240
54 216 236
55 220 206
56 224 256
57 228 250
58 232 281
59 236 294
60 240 286
61 244 297
62 248 399
63 252 347
64 256 339
65 260 330
66 264 434
67 268 435
68 272 406
69 276 410
70 280 484
71 284 433
72 288 427
73 292 429
74 296 491
75 300 424
76 304 525
77 308 511
78 312 594
79 316 523
80 320 622
81 324 598
82 328 553
83 332 636
84 336 558
85 340 580
86 344 626
87 348 635
88 352 620
89 356 707
90 360 688
91 364 650
92 368 659
93 372 816
94 376 686
95 380 676
96 384 819
97 388 802
98 392 807
99 396 853
100 400 770
101 404 819
102 408 857
103 412 933
104 416 871
105 420 1018
106 424 955
107 428 1008
108 432 935
109 436 992
110 440 1033
111 444 1076
112 448 1037
113 452 1109
114 456 1132
115 460 1173
116 464 1225
117 468 1105
118 472 1266
119 476 1266
120 480 1149
121 484 1268
122 488 1402
123 492 1315
124 496 1260
125 500 1268
126 504 1193
127 508 1344
128 512 1436
129 516 1376
130 520 1558
131 524 1304
132 528 1417
133 532 1498
134 536 1621
135 540 1596
136 544 1415
137 548 1664
138 552 1613
139 556 1641
140 560 1687
141 564 1819
142 568 1748
143 572 1656
144 576 1703
145 580 2021
146 584 1811
147 588 1868
148 592 1763
149 596 1705
150 600 2138
151 604 1921
152 608 2056
153 612 1961
154 616 1998
155 620 2018
156 624 2103
157 628 2170
158 632 2190
159 636 2063
160 640 2298
161 644 2214
162 648 2326
163 652 2157
164 656 2304
165 660 2298
166 664 2259
167 668 2428
168 672 2437
169 676 2490
170 680 2487
171 684 2525
172 688 2794
173 692 2631
174 696 2631
175 700 2625
176 704 2547
177 708 2496
178 712 2695
179 716 2580
180 720 2804
181 724 2786
182 728 2493
183 732 2790
184 736 2957
185 740 2994
186 744 2917
187 748 3072
188 752 2952
189 756 3060
190 760 3125
191 764 3002
192 768 3151
193 772 3393
194 776 2981
195 780 3120
196 784 3231
197 788 3461
198 792 3260
199 796 3584
200 800 3433
201 804 3290
202 808 3500
203 812 3273
204 816 3457
205 820 3684
206 824 3518
207 828 3623
208 832 3581
209 836 3597
210 840 3460
211 844 3810
212 848 3896
213 852 3854
214 856 3703
215 860 4079
216 864 4022
217 868 3922
218 872 4145
219 876 4207
220 880 4132
221 884 4176
222 888 4324
223 892 4210
224 896 4582
225 900 4381
226 904 4219
227 908 4142
228 912 4824
229 916 4448
230 920 4633
231 924 4488
232 928 4363
233 932 4709
234 936 4835
235 940 5159
236 944 4623
237 948 4596
238 952 4955
239 956 4656
240 960 5076
241 964 4607
242 968 4998
243 972 4824
244 976 4851
245 980 4698
246 984 5260
247 988 5444
248 992 4897
249 996 4663
250 1000 5322
251 1004 5293
252 1008 5512
253 1012 5463
254 1016 5668
255 1020 5465
256 1024 5548
257 1028 5860
258 1032 5750
259 1036 5930
260 1040 5527
261 1044 5467
262 1048 5927
263 1052 6018
264 1056 5896
265 1060 5998
266 1064 5875
267 1068 5929
268 1072 6283
269 1076 5897
270 1080 6156
271 1084 6533
272 1088 6201
273 1092 6084
274 1096 6467
275 1100 6577
276 1104 6205
277 1108 6629
278 1112 6543
279 1116 6929
280 1120 6477
281 1124 6537
282 1128 6925
283 1132 7108
284 1136 6733
285 1140 7100
286 1144 6543
287 1148 6867
288 1152 7267
289 1156 7155
290 1160 7184
291 1164 6841
292 1168 7339
293 1172 7089
294 1176 7124
295 1180 7179
296 1184 7210
297 1188 7840
298 1192 7496
299 1196 7428
300 1200 7906
301 1204 7255
302 1208 7326
303 1212 7394
304 1216 7839
305 1220 8095
306 1224 7940
307 1228 7996
308 1232 8183
309 1236 7866
310 1240 8497
311 1244 8246
312 1248 8285
313 1252 8263
314 1256 8073
315 1260 8104
316 1264 8414
317 1268 8381
318 1272 8606
319 1276 8409
320 1280 9473
321 1284 8150
322 1288 8509
323 1292 8444
324 1296 8649
325 1300 8819
326 1304 8468
327 1308 8292
328 1312 9482
329 1316 8906
330 1320 8658
331 1324 9072
332 1328 9722
333 1332 9103
334 1336 9887
335 1340 8853
336 1344 9620
337 1348 9830
338 1352 9244
339 1356 9725
340 1360 9866
341 1364 9324
342 1368 9855
343 1372 9968
344 1376 10178
345 1380 10243
346 1384 10198
347 1388 9970
348 1392 11129
349 1396 10602
350 1400 10271
351 1404 10500
352 1408 10145
353 1412 9886
354 1416 11213
355 1420 10317
356 1424 10610
357 1428 10375
358 1432 10770
359 1436 10929
360 1440 11545
361 1444 10828
362 1448 11033
363 1452 10936
364 1456 11190
365 1460 11110
366 1464 11977
367 1468 11119
368 1472 11769
369 1476 11365
370 1480 11929
371 1484 10787
372 1488 11206
373 1492 12108
374 1496 12084
375 1500 11295
376 1504 12300
377 1508 11834
378 1512 11041
379 1516 12278
380 1520 12500
381 1524 11832
382 1528 11961
383 1532 12462
384 1536 12579
385 1540 12850
386 1544 12662
387 1548 12573
388 1552 12502
389 1556 12768
390 1560 13527
391 1564 13053
392 1568 12825
393 1572 12417
394 1576 13193
395 1580 12526
396 1584 13147
397 1588 13746
398 1592 13812
399 1596 13006
400 1600 13358
401 1604 13297
402 1608 13311
403 1612 13507
404 1616 14342
405 1620 13933
406 1624 13520
407 1628 13559
408 1632 13870
409 1636 14593
410 1640 14069
411 1644 14327
412 1648 14278
413 1652 14112
414 1656 14921
415 1660 14658
416 1664 15024
417 1668 14612
418 1672 13984
419 1676 13726
420 1680 14633
421 1684 14353
422 1688 15081
423 1692 14779
424 1696 15196
425 1700 15627
426 1704 14739
427 1708 15692
428 1712 15113
429 1716 15238
430 1720 16207
431 1724 15728
432 1728 15489
433 1732 14846
434 1736 15963
435 1740 15640
436 1744 16233
437 1748 14869
438 1752 16259
439 1756 16056
440 1760 16975
441 1764 16029
442 1768 16451
443 1772 17288
444 1776 17105
445 1780 15548
446 1784 16037
447 1788 16575
448 1792 16486
449 1796 17926
450 1800 16057
451 1804 16852
452 1808 16346
453 1812 16670
454 1816 17979
455 1820 17595
456 1824 17649
457 1828 17101
458 1832 17162
459 1836 17838
460 1840 19362
461 1844 18424
462 1848 17500
463 1852 17830
464 1856 18578
465 1860 18297
466 1864 17712
467 1868 18493
468 1872 19483
469 1876 18897
470 1880 18517
471 1884 18866
472 1888 19535
473 1892 18665
474 1896 18706
475 1900 18866
476 1904 19640
477 1908 19744
478 1912 17716
479 1916 19702
480 1920 18929
481 1924 20021
482 1928 18387
483 1932 19161
484 1936 19400
485 1940 19522
486 1944 20352
487 1948 20103
488 1952 20250
489 1956 20523
490 1960 20189
491 1964 19904
492 1968 20243
493 1972 20298
494 1976 20103
495 1980 19545
496 1984 20323
497 1988 20424
498 1992 21735
499 1996 20272
500 2000 20530
501 2004 21494
502 2008 20017
503 2012 21144
504 2016 22390
505 2020 21604
506 2024 21052
507 2028 21968
508 2032 21064
509 2036 22090
510 2040 23090
511 2044 21893
512 2048 21176
513 2052 22272
514 2056 21540
515 2060 23706
516 2064 21707
517 2068 22123
518 2072 21484
519 2076 21669
520 2080 22293
521 2084 23142
522 2088 22505
523 2092 22336
524 2096 23275
525 2100 23818
526 2104 22840
527 2108 24139
528 2112 22830
529 2116 22979
530 2120 23493
531 2124 22918
532 2128 24017
533 2132 23182
534 2136 24525
535 2140 23745
536 2144 23320
537 2148 24499
538 2152 23400
539 2156 23817
540 2160 23414
541 2164 23784
542 2168 24421
543 2172 25036
544 2176 25172
545 2180 23602
546 2184 25276
547 2188 25247
548 2192 25105
549 2196 25006
550 2200 26039
551 2204 24472
552 2208 25388
553 2212 25269
554 2216 26014
555 2220 25830
556 2224 24147
557 2228 25430
558 2232 26553
559 2236 26521
560 2240 26021
561 2244 26405
562 2248 26249
563 2252 25936
564 2256 26623
565 2260 26671
566 2264 26245
567 2268 25844
568 2272 27634
569 2276 26669
570 2280 26615
571 2284 26726
572 2288 27143
573 2292 27310
574 2296 29023
575 2300 26922
576 2304 27930
577 2308 28944
578 2312 28161
579 2316 28611
580 2320 28585
581 2324 27663
582 2328 29000
583 2332 29976
584 2336 29416
585 2340 27233
586 2344 30107
587 2348 28759
588 2352 29724
589 2356 27328
590 2360 29929
591 2364 29706
592 2368 31221
593 2372 29000
594 2376 28950
595 2380 29951
596 2384 29072
597 2388 31348
598 2392 30367
599 2396 29949
600 2400 29565
601 2404 30115
602 2408 29057
603 2412 30642
604 2416 29472
605 2420 31385
606 2424 31384
607 2428 30028
608 2432 29691
609 2436 31462
610 2440 30801
611 2444 31315
612 2448 30885
613 2452 32151
614 2456 30700
615 2460 33014
616 2464 30116
617 2468 33498
618 2472 32631
619 2476 32130
620 2480 31966
621 2484 31824
622 2488 32477
623 2492 32938
624 2496 32640
625 2500 32275
626 2504 32061
627 2508 31022
628 2512 34150
629 2516 32171
630 2520 32018
631 2524 33664
632 2528 34242
633 2532 33072
634 2536 34129
635 2540 33510
636 2544 33610
637 2548 34400
638 2552 34998
639 2556 34410
640 2560 34689
641 2564 36014
642 2568 34453
643 2572 35582
644 2576 35935
645 2580 34593
646 2584 34291
647 2588 34841
648 2592 35842
649 2596 35619
650 2600 34931
651 2604 35704
652 2608 36574
653 2612 35121
654 2616 35135
655 2620 36067
656 2624 36057
657 2628 35312
658 2632 36228
659 2636 37070
660 2640 35142
661 2644 38185
662 2648 34629
663 2652 35261
664 2656 37170
665 2660 35804
666 2664 36301
667 2668 37909
668 2672 37092
669 2676 35845
670 2680 37127
671 2684 37458
672 2688 39717
673 2692 37589
674 2696 38996
675 2700 37210
676 2704 38334
677 2708 37534
678 2712 37160
679 2716 38732
680 2720 38934
681 2724 38459
682 2728 38435
683 2732 37949
684 2736 38916
685 2740 40948
686 2744 39457
687 2748 40131
688 2752 37226
689 2756 39554
690 2760 39755
691 2764 40683
692 2768 40101
693 2772 40585
694 2776 40289
695 2780 40253
696 2784 40955
697 2788 40105
698 2792 41011
699 2796 41710
700 2800 40897
701 2804 41135
702 2808 41120
703 2812 40495
704 2816 41140
705 2820 40691
706 2824 40327
707 2828 42304
708 2832 41081
709 2836 44869
710 2840 44035
711 2844 44159
712 2848 41205
713 2852 43249
714 2856 41884
715 2860 41489
716 2864 43072
717 2868 44624
718 2872 43912
719 2876 42420
720 2880 42960
721 2884 41471
722 2888 43346
723 2892 43853
724 2896 41445
725 2900 44565
726 2904 44268
727 2908 43239
728 2912 44652
729 2916 43134
730 2920 44465
731 2924 43015
732 2928 45135
733 2932 42796
734 2936 47677
735 2940 43831
736 2944 44946
737 2948 45163
738 2952 44729
739 2956 46669
740 2960 46539
741 2964 47313
742 2968 45942
743 2972 45836
744 2976 46140
745 2980 46206
746 2984 46010
747 2988 45632
748 2992 46854
749 2996 46611
750 3000 47143
751 3004 45550
752 3008 46230
753 3012 44745
754 3016 48434
755 3020 45972
756 3024 48221
757 3028 47887
758 3032 48258
759 3036 48410
760 3040 48903
761 3044 48090
762 3048 48321
763 3052 49579
764 3056 49982
765 3060 49243
766 3064 50076
767 3068 47853
768 3072 49383
769 3076 46921
770 3080 49094
771 3084 50860
772 3088 50562
773 3092 48203
774 3096 49544
775 3100 50673
776 3104 51088
777 3108 50701
778 3112 51142
779 3116 51158
780 3120 50721
781 3124 51559
782 3128 51649
783 3132 51212
784 3136 51513
785 3140 50184
786 3144 50881
787 3148 49962
788 3152 52561
789 3156 50593
790 3160 53970
791 3164 52230
792 3168 50807
793 3172 51211
794 3176 52016
795 3180 53748
796 3184 52895
797 3188 52323
798 3192 52120
799 3196 54389
800 3200 53767
801 3204 54562
802 3208 54743
803 3212 55906
804 3216 53256
805 3220 54673
806 3224 52831
807 3228 55052
808 3232 54394
809 3236 53863
810 3240 54942
811 3244 55417
812 3248 56707
813 3252 56999
814 3256 53905
815 3260 57311
816 3264 55341
817 3268 56580
818 3272 58063
819 3276 54791
820 3280 55453
821 3284 56726
822 3288 57435
823 3292 53216
824 3296 57147
825 3300 56566
826 3304 58532
827 3308 55541
828 3312 57100
829 3316 56204
830 3320 57850
831 3324 57238
832 3328 60383
833 3332 60083
834 3336 56968
835 3340 57912
836 3344 59453
837 3348 60030
838 3352 56868
839 3356 58122
840 3360 60178
841 3364 60464
842 3368 59449
843 3372 57834
844 3376 59839
845 3380 59599
846 3384 60205
847 3388 58653
848 3392 61270
849 3396 58476
850 3400 59907
851 3404 57251
852 3408 59275
853 3412 60066
854 3416 61584
855 3420 64283
856 3424 61054
857 3428 59349
858 3432 59684
859 3436 60399
860 3440 60726
861 3444 60978
862 3448 63138
863 3452 62658
864 3456 61342
865 3460 63711
866 3464 62272
867 3468 62887
868 3472 63703
869 3476 62790
870 3480 62229
871 3484 63535
872 3488 64262
873 3492 61504
874 3496 62569
875 3500 64707
876 3504 64342
877 3508 64464
878 3512 60694
879 3516 63918
880 3520 65636
881 3524 65547
882 3528 65435
883 3532 66644
884 3536 64251
885 3540 66958
886 3544 64612
887 3548 67299
888 3552 62824
889 3556 65622
890 3560 66504
891 3564 64650
892 3568 66989
893 3572 66974
894 3576 67150
895 3580 65679
896 3584 64587
897 3588 66634
898 3592 65877
899 3596 65725
900 3600 69453
901 3604 66433
902 3608 68638
903 3612 68458
904 3616 70917
905 3620 69698
906 3624 69239
907 3628 67809
908 3632 70450
909 3636 69694
910 3640 70306
911 3644 68493
912 3648 71687
913 3652 70648
914 3656 70604
915 3660 73268
916 3664 68683
917 3668 71230
918 3672 71342
919 3676 71782
920 3680 68634
921 3684 72156
922 3688 70325
923 3692 71326
924 3696 69874
925 3700 70899
926 3704 70432
927 3708 71560
928 3712 70631
929 3716 73369
930 3720 73144
931 3724 72539
932 3728 69759
933 3732 70041
934 3736 70058
935 3740 73368
936 3744 72457
937 3748 73998
938 3752 72741
939 3756 71609
940 3760 74489
941 3764 69938
942 3768 71806
943 3772 75088
944 3776 74467
945 3780 75166
946 3784 73503
947 3788 74972
948 3792 71558
949 3796 75426
950 3800 77541
951 3804 75784
952 3808 74334
953 3812 74932
954 3816 76153
955 3820 74599
956 3824 75675
957 3828 78036
958 3832 78540
959 3836 75893
960 3840 76269
961 3844 76899
962 3848 77541
963 3852 77248
964 3856 77449
965 3860 81350
966 3864 75519
967 3868 81869
968 3872 78222
969 3876 81489
970 3880 80594
971 3884 77817
972 3888 79909
973 3892 78005
974 3896 79016
975 3900 79711
976 3904 79778
977 3908 80509
978 3912 79732
979 3916 80378
980 3920 78698
981 3924 81825
982 3928 82177
983 3932 82811
984 3936 81979
985 3940 82590
986 3944 81718
987 3948 81430
988 3952 83120
989 3956 80778
990 3960 80697
991 3964 85804
992 3968 80027
993 3972 79919
994 3976 84209
995 3980 81143
996 3984 85385
997 3988 82223
998 3992 80728
999 3996 82631
1000 4000 79423
