1 0 1
2 8 3
3 12 5
4 16 8
5 20 10
6 24 13
7 28 15
8 32 20
9 36 23
10 40 27
11 44 29
12 48 39
13 52 37
14 56 41
15 60 45
16 64 54
17 68 53
18 72 69
19 76 64
20 80 75
21 84 76
22 88 82
23 92 87
24 96 95
25 100 100
26 104 110
27 108 109
28 112 107
29 116 106
30 120 117
31 124 122
32 128 130
33 132 136
34 136 139
35 140 157
36 144 155
37 148 171
38 152 165
39 156 182
40 160 175
41 164 181
42 168 182
43 172 196
44 176 201
45 180 208
46 184 213
47 188 210
48 192 232
49 196 224
50 200 226
51 204 229
52 208 255
53 212 266
54 216 276
55 220 295
56 224 312
57 228 281
58 232 282
59 236 280
60 240 290
61 244 291
62 248 304
63 252 314
64 256 347
65 260 342
66 264 356
67 268 359
68 272 349
69 276 378
70 280 359
71 284 375
72 288 370
73 292 365
74 296 380
75 300 406
76 304 409
77 308 408
78 312 435
79 316 430
80 320 439
81 324 485
82 328 441
83 332 454
84 336 482
85 340 451
86 344 469
87 348 489
88 352 498
89 356 502
90 360 494
91 364 496
92 368 530
93 372 522
94 376 506
95 380 563
96 384 539
97 388 545
98 392 608
99 396 587
100 400 557
101 404 605
102 408 578
103 412 585
104 416 608
105 420 615
106 424 590
107 428 611
108 432 621
109 436 638
110 440 655
111 444 628
112 448 652
113 452 661
114 456 651
115 460 683
116 464 698
117 468 693
118 472 737
119 476 725
120 480 705
121 484 764
122 488 754
123 492 739
124 496 740
125 500 736
126 504 769
127 508 770
128 512 775
129 516 771
130 520 860
131 524 922
132 528 869
133 532 832
134 536 792
135 540 785
136 544 804
137 548 850
138 552 833
139 556 872
140 560 869
141 564 857
142 568 862
143 572 931
144 576 868
145 580 869
146 584 929
147 588 951
148 592 919
149 596 940
150 600 942
151 604 947
152 608 999
153 612 1026
154 616 969
155 620 1017
156 624 984
157 628 980
158 632 1055
159 636 1016
160 640 1077
161 644 1087
162 648 1030
163 652 1088
164 656 1061
165 660 1043
166 664 1049
167 668 1072
168 672 1058
169 676 1053
170 680 1105
171 684 1123
172 688 1092
173 692 1147
174 696 1154
175 700 1144
176 704 1137
177 708 1163
178 712 1170
179 716 1305
180 720 1186
181 724 1196
182 728 1233
183 732 1241
184 736 1190
185 740 1194
186 744 1247
187 748 1210
188 752 1236
189 756 1210
190 760 1305
191 764 1333
192 768 1241
193 772 1299
194 776 1240
195 780 1275
196 784 1276
197 788 1311
198 792 1337
199 796 1343
200 800 1335
201 804 1320
202 808 1320
203 812 1378
204 816 1341
205 820 1414
206 824 1434
207 828 1381
208 832 1400
209 836 1448
210 840 1423
211 844 1386
212 848 1434
213 852 1423
214 856 1432
215 860 1499
216 864 1435
217 868 1408
218 872 1467
219 876 1478
220 880 1483
221 884 1547
222 888 1574
223 892 1459
224 896 1525
225 900 1516
226 904 1608
227 908 1550
228 912 1625
229 916 1545
230 920 1613
231 924 1557
232 928 1638
233 932 1601
234 936 1634
235 940 1577
236 944 1607
237 948 1603
238 952 1693
239 956 1750
240 960 1639
241 964 1593
242 968 1716
243 972 1610
244 976 1715
245 980 1641
246 984 1683
247 988 1745
248 992 1718
249 996 1659
250 1000 1715
251 1004 1770
252 1008 1739
253 1012 1779
254 1016 1832
255 1020 1749
256 1024 1827
257 1028 1867
258 1032 2024
259 1036 1790
260 1040 1770
261 1044 1907
262 1048 1859
263 1052 1842
264 1056 1818
265 1060 1837
266 1064 1933
267 1068 1862
268 1072 1828
269 1076 1987
270 1080 1870
271 1084 1940
272 1088 1870
273 1092 1948
274 1096 1889
275 1100 2030
276 1104 1908
277 1108 1920
278 1112 1995
279 1116 1979
280 1120 1969
281 1124 2018
282 1128 1999
283 1132 2034
284 1136 2111
285 1140 2098
286 1144 1994
287 1148 2139
288 1152 2166
289 1156 2028
290 1160 1991
291 1164 2289
292 1168 2075
293 1172 2084
294 1176 2182
295 1180 2144
296 1184 2150
297 1188 2225
298 1192 2152
299 1196 2190
300 1200 2179
301 1204 2202
302 1208 2247
303 1212 2348
304 1216 2330
305 1220 2257
306 1224 2286
307 1228 2171
308 1232 2196
309 1236 2236
310 1240 2361
311 1244 2308
312 1248 2286
313 1252 2256
314 1256 2251
315 1260 2471
316 1264 2250
317 1268 2441
318 1272 2291
319 1276 2474
320 1280 2355
321 1284 2506
322 1288 2367
323 1292 2442
324 1296 2322
325 1300 2391
326 1304 2495
327 1308 2404
328 1312 2351
329 1316 2440
330 1320 2431
331 1324 2387
332 1328 2400
333 1332 2498
334 1336 2483
335 1340 2522
336 1344 2592
337 1348 2373
338 1352 2664
339 1356 2485
340 1360 2421
341 1364 2551
342 1368 2526
343 1372 2489
344 1376 2472
345 1380 2556
346 1384 2582
347 1388 2631
348 1392 2513
349 1396 2666
350 1400 2581
351 1404 2583
352 1408 2514
353 1412 2620
354 1416 2633
355 1420 2735
356 1424 2600
357 1428 2717
358 1432 2713
359 1436 2877
360 1440 2662
361 1444 2684
362 1448 2850
363 1452 2761
364 1456 2686
365 1460 2815
366 1464 2788
367 1468 2771
368 1472 2682
369 1476 2803
370 1480 2878
371 1484 3033
372 1488 2777
373 1492 2834
374 1496 2954
375 1500 2862
376 1504 2859
377 1508 3049
378 1512 2807
379 1516 2838
380 1520 2993
381 1524 2840
382 1528 2899
383 1532 2912
384 1536 2986
385 1540 2850
386 1544 2979
387 1548 3069
388 1552 2968
389 1556 2952
390 1560 2926
391 1564 3039
392 1568 2866
393 1572 2969
394 1576 2996
395 1580 3088
396 1584 3060
397 1588 2964
398 1592 3130
399 1596 3122
400 1600 3114
401 1604 3081
402 1608 3092
403 1612 3089
404 1616 3106
405 1620 3017
406 1624 3166
407 1628 3063
408 1632 3248
409 1636 3283
410 1640 3249
411 1644 3089
412 1648 3044
413 1652 3192
414 1656 3189
415 1660 3097
416 1664 3148
417 1668 3250
418 1672 3246
419 1676 3297
420 1680 3276
421 1684 3410
422 1688 3294
423 1692 3216
424 1696 3233
425 1700 3269
426 1704 3274
427 1708 3293
428 1712 3288
429 1716 3351
430 1720 3241
431 1724 3293
432 1728 3328
433 1732 3290
434 1736 3326
435 1740 3328
436 1744 3363
437 1748 3343
438 1752 3329
439 1756 3377
440 1760 3451
441 1764 3318
442 1768 3415
443 1772 3510
444 1776 3428
445 1780 3387
446 1784 3458
447 1788 3748
448 1792 3348
449 1796 3458
450 1800 3536
451 1804 3412
452 1808 3410
453 1812 3673
454 1816 3470
455 1820 3535
456 1824 3462
457 1828 3524
458 1832 3592
459 1836 3629
460 1840 3595
461 1844 3623
462 1848 3592
463 1852 3547
464 1856 3578
465 1860 3554
466 1864 3964
467 1868 3684
468 1872 3700
469 1876 3735
470 1880 3667
471 1884 3567
472 1888 3531
473 1892 3604
474 1896 3599
475 1900 3785
476 1904 3677
477 1908 3835
478 1912 3647
479 1916 3756
480 1920 3792
481 1924 3766
482 1928 3723
483 1932 3864
484 1936 3691
485 1940 3682
486 1944 3861
487 1948 3746
488 1952 3745
489 1956 3949
490 1960 3845
491 1964 3969
492 1968 3729
493 1972 3880
494 1976 3974
495 1980 3960
496 1984 3896
497 1988 3945
498 1992 3923
499 1996 3836
500 2000 4125
501 2004 4120
502 2008 3915
503 2012 3978
504 2016 3807
505 2020 4045
506 2024 4191
507 2028 4027
508 2032 3879
509 2036 3914
510 2040 3940
511 2044 4185
512 2048 3871
513 2052 3954
514 2056 4400
515 2060 4185
516 2064 3948
517 2068 3995
518 2072 4085
519 2076 4371
520 2080 4008
521 2084 4113
522 2088 4147
523 2092 4103
524 2096 4027
525 2100 4319
526 2104 4303
527 2108 4391
528 2112 4041
529 2116 4279
530 2120 4414
531 2124 4281
532 2128 4139
533 2132 4218
534 2136 4305
535 2140 4229
536 2144 4337
537 2148 4348
538 2152 4256
539 2156 4424
540 2160 4223
541 2164 4456
542 2168 4448
543 2172 4376
544 2176 4329
545 2180 4490
546 2184 4351
547 2188 4311
548 2192 4560
549 2196 4532
550 2200 4326
551 2204 4521
552 2208 4362
553 2212 4564
554 2216 4540
555 2220 4683
556 2224 4465
557 2228 4610
558 2232 4490
559 2236 4377
560 2240 4548
561 2244 4535
562 2248 4534
563 2252 4621
564 2256 4497
565 2260 4513
566 2264 4829
567 2268 4791
568 2272 4609
569 2276 4768
570 2280 4559
571 2284 4586
572 2288 4573
573 2292 4602
574 2296 4790
575 2300 4645
576 2304 4595
577 2308 4871
578 2312 4813
579 2316 4775
580 2320 4585
581 2324 4656
582 2328 4851
583 2332 4674
584 2336 4632
585 2340 4859
586 2344 4786
587 2348 4821
588 2352 4874
589 2356 4876
590 2360 4904
591 2364 4749
592 2368 4812
593 2372 4786
594 2376 4900
595 2380 4875
596 2384 4770
597 2388 4786
598 2392 4898
599 2396 5038
600 2400 5081
601 2404 5086
602 2408 4888
603 2412 4875
604 2416 5060
605 2420 4974
606 2424 4966
607 2428 4936
608 2432 4768
609 2436 5097
610 2440 5019
611 2444 5273
612 2448 5005
613 2452 5290
614 2456 5002
615 2460 5074
616 2464 4916
617 2468 5148
618 2472 4964
619 2476 4996
620 2480 5208
621 2484 5108
622 2488 5066
623 2492 5157
624 2496 5072
625 2500 5176
626 2504 5082
627 2508 5122
628 2512 5278
629 2516 5300
630 2520 5574
631 2524 5357
632 2528 5225
633 2532 5178
634 2536 5375
635 2540 5237
636 2544 5123
637 2548 5318
638 2552 5212
639 2556 5307
640 2560 5160
641 2564 5197
642 2568 5407
643 2572 5219
644 2576 5534
645 2580 5370
646 2584 5482
647 2588 5328
648 2592 5314
649 2596 5463
650 2600 5416
651 2604 5500
652 2608 5399
653 2612 5350
654 2616 5423
655 2620 5407
656 2624 5224
657 2628 5443
658 2632 5716
659 2636 5463
660 2640 5216
661 2644 5726
662 2648 5756
663 2652 5450
664 2656 5556
665 2660 5493
666 2664 5643
667 2668 5558
668 2672 5766
669 2676 5797
670 2680 5668
671 2684 5669
672 2688 5346
673 2692 5764
674 2696 5772
675 2700 5586
676 2704 5591
677 2708 5995
678 2712 5629
679 2716 5763
680 2720 5617
681 2724 5910
682 2728 5772
683 2732 5865
684 2736 5579
685 2740 5748
686 2744 5840
687 2748 6065
688 2752 5586
689 2756 5810
690 2760 5720
691 2764 6134
692 2768 5620
693 2772 5717
694 2776 5680
695 2780 5993
696 2784 5922
697 2788 5932
698 2792 5813
699 2796 5982
700 2800 5737
701 2804 5916
702 2808 5950
703 2812 5870
704 2816 5780
705 2820 6091
706 2824 6064
707 2828 6144
708 2832 5900
709 2836 6029
710 2840 6003
711 2844 6391
712 2848 6405
713 2852 5882
714 2856 5960
715 2860 6168
716 2864 6036
717 2868 6139
718 2872 6026
719 2876 6192
720 2880 5888
721 2884 5999
722 2888 6067
723 2892 6189
724 2896 6061
725 2900 6207
726 2904 6077
727 2908 6248
728 2912 6023
729 2916 6269
730 2920 6162
731 2924 6120
732 2928 6062
733 2932 6406
734 2936 6410
735 2940 6159
736 2944 6194
737 2948 6211
738 2952 6353
739 2956 6360
740 2960 6060
741 2964 6265
742 2968 6285
743 2972 6454
744 2976 6336
745 2980 6719
746 2984 6348
747 2988 6172
748 2992 6378
749 2996 6279
750 3000 6235
751 3004 6427
752 3008 6255
753 3012 6268
754 3016 6501
755 3020 6529
756 3024 6321
757 3028 6591
758 3032 6476
759 3036 6418
760 3040 6352
761 3044 6520
762 3048 6680
763 3052 6587
764 3056 6187
765 3060 6385
766 3064 6407
767 3068 6755
768 3072 6425
769 3076 6454
770 3080 6785
771 3084 6712
772 3088 6357
773 3092 6632
774 3096 6569
775 3100 6580
776 3104 6568
777 3108 6796
778 3112 6781
779 3116 6747
780 3120 6945
781 3124 6846
782 3128 6860
783 3132 6978
784 3136 6733
785 3140 6703
786 3144 6653
787 3148 6773
788 3152 6819
789 3156 6694
790 3160 7046
791 3164 7036
792 3168 6638
793 3172 6882
794 3176 6715
795 3180 6669
796 3184 6616
797 3188 6829
798 3192 7089
799 3196 6921
800 3200 6610
801 3204 7017
802 3208 7161
803 3212 7052
804 3216 6734
805 3220 7037
806 3224 6849
807 3228 6867
808 3232 6809
809 3236 6877
810 3240 7665
811 3244 7012
812 3248 7123
813 3252 6809
814 3256 6981
815 3260 7055
816 3264 6740
817 3268 7310
818 3272 7032
819 3276 6976
820 3280 6810
821 3284 7311
822 3288 7045
823 3292 7201
824 3296 6967
825 3300 7217
826 3304 7549
827 3308 7024
828 3312 7181
829 3316 7101
830 3320 6981
831 3324 7341
832 3328 7333
833 3332 7119
834 3336 7340
835 3340 7201
836 3344 7050
837 3348 7287
838 3352 7453
839 3356 7569
840 3360 7129
841 3364 7434
842 3368 7411
843 3372 7105
844 3376 7075
845 3380 7475
846 3384 7467
847 3388 7292
848 3392 6926
849 3396 7434
850 3400 7292
851 3404 7945
852 3408 7272
853 3412 7335
854 3416 7437
855 3420 7660
856 3424 6978
857 3428 7455
858 3432 7796
859 3436 7555
860 3440 7211
861 3444 7403
862 3448 7531
863 3452 7379
864 3456 7251
865 3460 7391
866 3464 7377
867 3468 7671
868 3472 7450
869 3476 8173
870 3480 7505
871 3484 7769
872 3488 7467
873 3492 7573
874 3496 7514
875 3500 7839
876 3504 7377
877 3508 7401
878 3512 7693
879 3516 7965
880 3520 7327
881 3524 7643
882 3528 7713
883 3532 7745
884 3536 7859
885 3540 7447
886 3544 7476
887 3548 7545
888 3552 7493
889 3556 7811
890 3560 7677
891 3564 8382
892 3568 7661
893 3572 7732
894 3576 7767
895 3580 7795
896 3584 7614
897 3588 7843
898 3592 7726
899 3596 7947
900 3600 7491
901 3604 8237
902 3608 8052
903 3612 7919
904 3616 7566
905 3620 7669
906 3624 7844
907 3628 7893
908 3632 7671
909 3636 7896
910 3640 8147
911 3644 7887
912 3648 7823
913 3652 7975
914 3656 7985
915 3660 8255
916 3664 7888
917 3668 8097
918 3672 8185
919 3676 8152
920 3680 7657
921 3684 8040
922 3688 8076
923 3692 8069
924 3696 7721
925 3700 8454
926 3704 8262
927 3708 8153
928 3712 7969
929 3716 8286
930 3720 8451
931 3724 8116
932 3728 7832
933 3732 7960
934 3736 8226
935 3740 8150
936 3744 7923
937 3748 8357
938 3752 8182
939 3756 9049
940 3760 8256
941 3764 8081
942 3768 8282
943 3772 8275
944 3776 8187
945 3780 8609
946 3784 8666
947 3788 8157
948 3792 8200
949 3796 8183
950 3800 8479
951 3804 8280
952 3808 8323
953 3812 8386
954 3816 8413
955 3820 8647
956 3824 8075
957 3828 8237
958 3832 8324
959 3836 8540
960 3840 8360
961 3844 8439
962 3848 8620
963 3852 8781
964 3856 8406
965 3860 8264
966 3864 8681
967 3868 8364
968 3872 8241
969 3876 8776
970 3880 8467
971 3884 8339
972 3888 8570
973 3892 8651
974 3896 8358
975 3900 8890
976 3904 8558
977 3908 8473
978 3912 8551
979 3916 8486
980 3920 8239
981 3924 9075
982 3928 8508
983 3932 8681
984 3936 8665
985 3940 8658
986 3944 9177
987 3948 8796
988 3952 8838
989 3956 8480
990 3960 8962
991 3964 9039
992 3968 8760
993 3972 8745
994 3976 8704
995 3980 8633
996 3984 8504
997 3988 8911
998 3992 8643
999 3996 8808
1000 4000 8603
1001 4004 9136
1002 4008 8966
1003 4012 9018
1004 4016 8497
1005 4020 9001
1006 4024 8898
1007 4028 8998
1008 4032 8759
1009 4036 8782
1010 4040 8708
1011 4044 8994
1012 4048 8604
1013 4052 8813
1014 4056 8938
1015 4060 9057
1016 4064 8677
1017 4068 8835
1018 4072 8870
1019 4076 8908
1020 4080 8886
1021 4084 9466
1022 4088 9258
1023 4092 9102
1024 4096 8868
1025 4100 9185
1026 4104 9004
1027 4108 9125
1028 4112 8842
1029 4116 8868
1030 4120 9139
1031 4124 9131
1032 4128 8931
1033 4132 9641
1034 4136 9094
1035 4140 9000
1036 4144 9033
1037 4148 9482
1038 4152 9195
1039 4156 9118
1040 4160 8927
1041 4164 9436
1042 4168 9279
1043 4172 9220
1044 4176 8921
1045 4180 9228
1046 4184 9078
1047 4188 9179
1048 4192 8854
1049 4196 9220
1050 4200 9562
1051 4204 9413
1052 4208 9255
1053 4212 9396
1054 4216 9309
1055 4220 9485
1056 4224 9437
1057 4228 9178
1058 4232 9834
1059 4236 9553
1060 4240 9015
1061 4244 9470
1062 4248 9674
1063 4252 9353
1064 4256 9206
1065 4260 9675
1066 4264 9468
1067 4268 9493
1068 4272 9289
1069 4276 9659
1070 4280 9580
1071 4284 9791
1072 4288 9415
1073 4292 9578
1074 4296 9897
1075 4300 9647
1076 4304 9512
1077 4308 9654
1078 4312 10050
1079 4316 10058
1080 4320 9697
1081 4324 9596
1082 4328 9745
1083 4332 9965
1084 4336 9482
1085 4340 10310
1086 4344 9990
1087 4348 9523
1088 4352 9494
1089 4356 9605
1090 4360 10079
1091 4364 10437
1092 4368 9746
1093 4372 9719
1094 4376 9654
1095 4380 9848
1096 4384 9760
1097 4388 9984
1098 4392 9844
1099 4396 9956
1100 4400 9851
1101 4404 9719
1102 4408 9781
1103 4412 9666
1104 4416 10195
1105 4420 10095
1106 4424 9801
1107 4428 10174
1108 4432 9804
1109 4436 10012
1110 4440 10420
1111 4444 10249
1112 4448 9812
1113 4452 10032
1114 4456 9977
1115 4460 10113
1116 4464 9860
1117 4468 9893
1118 4472 10343
1119 4476 10214
1120 4480 9951
1121 4484 10097
1122 4488 10108
1123 4492 10324
1124 4496 9936
1125 4500 10453
1126 4504 9963
1127 4508 10134
1128 4512 9919
1129 4516 10206
1130 4520 10292
1131 4524 10211
1132 4528 9946
1133 4532 10399
1134 4536 10409
1135 4540 10358
1136 4544 9895
1137 4548 10053
1138 4552 10766
1139 4556 10747
1140 4560 10122
1141 4564 10233
1142 4568 10382
1143 4572 10087
1144 4576 10089
1145 4580 10282
1146 4584 10313
1147 4588 10403
1148 4592 10113
1149 4596 10546
1150 4600 10939
1151 4604 10462
1152 4608 10096
1153 4612 10391
1154 4616 10964
1155 4620 10294
1156 4624 10678
1157 4628 10363
1158 4632 10471
1159 4636 10447
1160 4640 10084
1161 4644 10711
1162 4648 10802
1163 4652 10263
1164 4656 10368
1165 4660 10473
1166 4664 11042
1167 4668 10939
1168 4672 11128
1169 4676 10721
1170 4680 10689
1171 4684 10535
1172 4688 10385
1173 4692 10678
1174 4696 10715
1175 4700 10515
1176 4704 10263
1177 4708 10500
1178 4712 10923
1179 4716 10636
1180 4720 10670
1181 4724 10571
1182 4728 11218
1183 4732 11038
1184 4736 10682
1185 4740 10943
1186 4744 10600
1187 4748 10888
1188 4752 10769
1189 4756 10973
1190 4760 11191
1191 4764 11497
1192 4768 10711
1193 4772 10506
1194 4776 11381
1195 4780 10964
1196 4784 10587
1197 4788 10915
1198 4792 10694
1199 4796 11315
1200 4800 10607
1201 4804 10879
1202 4808 10891
1203 4812 11302
1204 4816 10772
1205 4820 11315
1206 4824 10971
1207 4828 10908
1208 4832 10708
1209 4836 10915
1210 4840 11352
1211 4844 10959
1212 4848 10755
1213 4852 11414
1214 4856 10929
1215 4860 11053
1216 4864 11118
1217 4868 11431
1218 4872 11365
1219 4876 11188
1220 4880 10826
1221 4884 11597
1222 4888 11416
1223 4892 11242
1224 4896 11663
1225 4900 11225
1226 4904 11276
1227 4908 11354
1228 4912 10983
1229 4916 11323
1230 4920 11756
1231 4924 11313
1232 4928 10913
1233 4932 11168
1234 4936 11495
1235 4940 11542
1236 4944 10883
1237 4948 11250
1238 4952 11517
1239 4956 12275
1240 4960 11141
1241 4964 11362
1242 4968 11702
1243 4972 11798
1244 4976 11300
1245 4980 11622
1246 4984 12201
1247 4988 12389
1248 4992 11346
1249 4996 11457
1250 5000 11268
1251 5004 11654
1252 5008 11583
1253 5012 11582
1254 5016 11841
1255 5020 11728
1256 5024 11874
1257 5028 11285
1258 5032 11592
1259 5036 11311
1260 5040 11432
1261 5044 11760
1262 5048 11402
1263 5052 11282
1264 5056 12158
1265 5060 11646
1266 5064 12260
1267 5068 11869
1268 5072 11501
1269 5076 11938
1270 5080 11736
1271 5084 11810
1272 5088 11402
1273 5092 11489
1274 5096 11565
1275 5100 11621
1276 5104 11455
1277 5108 11674
1278 5112 12130
1279 5116 11777
1280 5120 11935
1281 5124 11788
1282 5128 11774
1283 5132 11895
1284 5136 11527
1285 5140 11789
1286 5144 12103
1287 5148 11839
1288 5152 11676
1289 5156 12279
1290 5160 11832
1291 5164 12211
1292 5168 11392
1293 5172 12542
1294 5176 12177
1295 5180 11733
1296 5184 11804
1297 5188 12038
1298 5192 12102
1299 5196 11953
1300 5200 11628
1301 5204 11699
1302 5208 12198
1303 5212 12052
1304 5216 12399
1305 5220 12253
1306 5224 11958
1307 5228 11823
1308 5232 11656
1309 5236 12241
1310 5240 12338
1311 5244 12218
1312 5248 11676
1313 5252 12747
1314 5256 12300
1315 5260 11972
1316 5264 11756
1317 5268 12563
1318 5272 12505
1319 5276 12324
1320 5280 12358
1321 5284 12315
1322 5288 13073
1323 5292 12103
1324 5296 12178
1325 5300 12534
1326 5304 12871
1327 5308 12413
1328 5312 12203
1329 5316 12144
1330 5320 12406
1331 5324 12580
1332 5328 11916
1333 5332 13073
1334 5336 12782
1335 5340 12551
1336 5344 12586
1337 5348 12482
1338 5352 12892
1339 5356 12562
1340 5360 12105
1341 5364 12696
1342 5368 13581
1343 5372 12391
1344 5376 12439
1345 5380 12306
1346 5384 12629
1347 5388 12759
1348 5392 12591
1349 5396 12288
1350 5400 12430
1351 5404 12498
1352 5408 12441
1353 5412 12346
1354 5416 12900
1355 5420 12803
1356 5424 12478
1357 5428 12989
1358 5432 12763
1359 5436 13349
1360 5440 12662
1361 5444 13247
1362 5448 13167
1363 5452 13047
1364 5456 12665
1365 5460 13355
1366 5464 13034
1367 5468 12569
1368 5472 12852
1369 5476 12618
1370 5480 12856
1371 5484 12985
1372 5488 12683
1373 5492 12513
1374 5496 13068
1375 5500 13996
1376 5504 12837
1377 5508 12781
1378 5512 12729
1379 5516 13462
1380 5520 12479
1381 5524 13490
1382 5528 13217
1383 5532 12783
1384 5536 12441
1385 5540 13095
1386 5544 12938
1387 5548 12923
1388 5552 12413
1389 5556 13216
1390 5560 13101
1391 5564 13083
1392 5568 12572
1393 5572 13447
1394 5576 13347
1395 5580 13508
1396 5584 13381
1397 5588 13223
1398 5592 13044
1399 5596 13557
1400 5600 12664
1401 5604 13582
1402 5608 12988
1403 5612 13305
1404 5616 12923
1405 5620 13247
1406 5624 13092
1407 5628 12893
1408 5632 13213
1409 5636 13109
1410 5640 13360
1411 5644 13742
1412 5648 13081
1413 5652 13584
1414 5656 13741
1415 5660 13239
1416 5664 12717
1417 5668 13442
1418 5672 13456
1419 5676 13184
1420 5680 13162
1421 5684 13439
1422 5688 13817
1423 5692 14586
1424 5696 13204
1425 5700 13042
1426 5704 13809
1427 5708 13346
1428 5712 12971
1429 5716 13599
1430 5720 13667
1431 5724 13690
1432 5728 13545
1433 5732 13475
1434 5736 13580
1435 5740 13596
1436 5744 13167
1437 5748 13820
1438 5752 13156
1439 5756 13450
1440 5760 13001
1441 5764 14003
1442 5768 13843
1443 5772 13648
1444 5776 13364
1445 5780 14149
1446 5784 14006
1447 5788 13917
1448 5792 13312
1449 5796 14106
1450 5800 13857
1451 5804 13974
1452 5808 13463
1453 5812 13389
1454 5816 13789
1455 5820 13572
1456 5824 13878
1457 5828 14161
1458 5832 13814
1459 5836 13360
1460 5840 13791
1461 5844 14067
1462 5848 13965
1463 5852 13893
1464 5856 13297
1465 5860 13659
1466 5864 14705
1467 5868 14046
1468 5872 13810
1469 5876 13944
1470 5880 14128
1471 5884 13926
1472 5888 13498
1473 5892 14572
1474 5896 14033
1475 5900 14678
1476 5904 14504
1477 5908 14243
1478 5912 13937
1479 5916 14205
1480 5920 13647
1481 5924 14194
1482 5928 14467
1483 5932 14084
1484 5936 13564
1485 5940 14104
1486 5944 14343
1487 5948 14457
1488 5952 14084
1489 5956 14032
1490 5960 13967
1491 5964 14522
1492 5968 13595
1493 5972 14296
1494 5976 14505
1495 5980 14253
1496 5984 13862
1497 5988 14347
1498 5992 14349
1499 5996 14219
1500 6000 13885
1501 6004 14505
1502 6008 14411
1503 6012 14122
1504 6016 13634
1505 6020 14436
1506 6024 14360
1507 6028 14533
1508 6032 14242
1509 6036 14752
1510 6040 14022
1511 6044 14575
1512 6048 13885
1513 6052 14218
1514 6056 14780
1515 6060 14379
1516 6064 14395
1517 6068 14399
1518 6072 14006
1519 6076 14553
1520 6080 14027
1521 6084 14072
1522 6088 15110
1523 6092 14544
1524 6096 13829
1525 6100 14477
1526 6104 14575
1527 6108 15254
1528 6112 14959
1529 6116 14320
1530 6120 14251
1531 6124 14645
1532 6128 14186
1533 6132 15216
1534 6136 14614
1535 6140 14533
1536 6144 14031
1537 6148 14546
1538 6152 14596
1539 6156 14933
1540 6160 13897
1541 6164 14232
1542 6168 14602
1543 6172 14592
1544 6176 14140
1545 6180 14826
1546 6184 14451
1547 6188 14866
1548 6192 14183
1549 6196 14429
1550 6200 14869
1551 6204 14499
1552 6208 14688
1553 6212 15049
1554 6216 15032
1555 6220 15057
1556 6224 14117
1557 6228 14881
1558 6232 15434
1559 6236 14873
1560 6240 14029
1561 6244 14772
1562 6248 15421
1563 6252 14610
1564 6256 14347
1565 6260 14929
1566 6264 14608
1567 6268 15346
1568 6272 14490
1569 6276 15622
1570 6280 14882
1571 6284 14970
1572 6288 14156
1573 6292 15862
1574 6296 14826
1575 6300 15445
1576 6304 14372
1577 6308 14925
1578 6312 15416
1579 6316 15033
1580 6320 14469
1581 6324 15518
1582 6328 15239
1583 6332 15283
1584 6336 14456
1585 6340 15248
1586 6344 15426
1587 6348 15308
1588 6352 15145
1589 6356 15189
1590 6360 15960
1591 6364 15170
1592 6368 14922
1593 6372 15238
1594 6376 14994
1595 6380 15026
1596 6384 14905
1597 6388 15667
1598 6392 15461
1599 6396 14978
1600 6400 14978
1601 6404 15497
1602 6408 15181
1603 6412 15225
1604 6416 15045
1605 6420 15668
1606 6424 15226
1607 6428 15757
1608 6432 15079
1609 6436 15400
1610 6440 15442
1611 6444 15377
1612 6448 14998
1613 6452 15641
1614 6456 15846
1615 6460 15570
1616 6464 14913
1617 6468 15473
1618 6472 15564
1619 6476 15798
1620 6480 15227
1621 6484 15696
1622 6488 15786
1623 6492 16031
1624 6496 14756
1625 6500 15648
1626 6504 15188
1627 6508 15534
1628 6512 14708
1629 6516 16236
1630 6520 15018
1631 6524 15693
1632 6528 15370
1633 6532 15670
1634 6536 15973
1635 6540 15104
1636 6544 15209
1637 6548 16061
1638 6552 15730
1639 6556 15902
1640 6560 15716
1641 6564 15475
1642 6568 15754
1643 6572 15670
1644 6576 15640
1645 6580 16073
1646 6584 16001
1647 6588 15831
1648 6592 15682
1649 6596 15400
1650 6600 16501
1651 6604 16577
1652 6608 15957
1653 6612 15414
1654 6616 16065
1655 6620 16130
1656 6624 15503
1657 6628 16071
1658 6632 16493
1659 6636 16356
1660 6640 15752
1661 6644 16019
1662 6648 15809
1663 6652 15892
1664 6656 15199
1665 6660 16234
1666 6664 15978
1667 6668 15927
1668 6672 16168
1669 6676 15753
1670 6680 16136
1671 6684 16257
1672 6688 15479
1673 6692 16232
1674 6696 15943
1675 6700 16362
1676 6704 16442
1677 6708 16498
1678 6712 16489
1679 6716 16460
1680 6720 15796
1681 6724 16044
1682 6728 16516
1683 6732 16748
1684 6736 15594
1685 6740 16636
1686 6744 16086
1687 6748 16833
1688 6752 15467
1689 6756 16016
1690 6760 16503
1691 6764 16325
1692 6768 16599
1693 6772 16802
1694 6776 16141
1695 6780 15998
1696 6784 16362
1697 6788 17000
1698 6792 16294
1699 6796 16676
1700 6800 15714
1701 6804 16171
1702 6808 17316
1703 6812 16194
1704 6816 15959
1705 6820 16817
1706 6824 17242
1707 6828 16322
1708 6832 15819
1709 6836 16488
1710 6840 16996
1711 6844 16432
1712 6848 15819
1713 6852 16774
1714 6856 16526
1715 6860 17156
1716 6864 16166
1717 6868 17650
1718 6872 16562
1719 6876 16862
1720 6880 16182
1721 6884 16406
1722 6888 16148
1723 6892 16709
1724 6896 15995
1725 6900 16531
1726 6904 16913
1727 6908 16693
1728 6912 16512
1729 6916 17356
1730 6920 16728
1731 6924 16665
1732 6928 15987
1733 6932 16601
1734 6936 16865
1735 6940 17183
1736 6944 16146
1737 6948 16763
1738 6952 16906
1739 6956 17078
1740 6960 16163
1741 6964 16752
1742 6968 16872
1743 6972 17192
1744 6976 16053
1745 6980 17040
1746 6984 16709
1747 6988 17060
1748 6992 16648
1749 6996 16983
1750 7000 17010
1751 7004 17226
1752 7008 16777
1753 7012 16632
1754 7016 16785
1755 7020 16547
1756 7024 16113
1757 7028 16646
1758 7032 17005
1759 7036 17581
1760 7040 16291
1761 7044 17203
1762 7048 16687
1763 7052 16917
1764 7056 16628
1765 7060 17446
1766 7064 16960
1767 7068 16692
1768 7072 17090
1769 7076 17288
1770 7080 17612
1771 7084 17070
1772 7088 16328
1773 7092 17132
1774 7096 17244
1775 7100 17003
1776 7104 16350
1777 7108 17195
1778 7112 18136
1779 7116 17369
1780 7120 16412
1781 7124 17291
1782 7128 17353
1783 7132 17450
1784 7136 16377
1785 7140 17288
1786 7144 17391
1787 7148 17506
1788 7152 16657
1789 7156 18261
1790 7160 16920
1791 7164 17767
1792 7168 16633
1793 7172 17215
1794 7176 17571
1795 7180 17024
1796 7184 16776
1797 7188 17392
1798 7192 17856
1799 7196 17838
1800 7200 16764
1801 7204 17288
1802 7208 17278
1803 7212 17238
1804 7216 16952
1805 7220 17960
1806 7224 17760
1807 7228 17054
1808 7232 17017
1809 7236 17971
1810 7240 17544
1811 7244 17816
1812 7248 17317
1813 7252 17870
1814 7256 17481
1815 7260 18230
1816 7264 17254
1817 7268 17759
1818 7272 18353
1819 7276 18245
1820 7280 17230
1821 7284 17404
1822 7288 17762
1823 7292 17793
1824 7296 17256
1825 7300 18384
1826 7304 17636
1827 7308 17796
1828 7312 17442
1829 7316 17819
1830 7320 18188
1831 7324 17955
1832 7328 17076
1833 7332 18211
1834 7336 17597
1835 7340 17661
1836 7344 17076
1837 7348 17823
1838 7352 18002
1839 7356 17709
1840 7360 17444
1841 7364 18864
1842 7368 18135
1843 7372 17956
1844 7376 17125
1845 7380 18128
1846 7384 18434
1847 7388 18023
1848 7392 17178
1849 7396 19473
1850 7400 17933
1851 7404 19172
1852 7408 17337
1853 7412 18774
1854 7416 18290
1855 7420 18151
1856 7424 16975
1857 7428 18223
1858 7432 17899
1859 7436 18081
1860 7440 17697
1861 7444 19268
1862 7448 18506
1863 7452 19268
1864 7456 17407
1865 7460 17857
1866 7464 18049
1867 7468 18565
1868 7472 17176
1869 7476 17893
1870 7480 18273
1871 7484 18314
1872 7488 17491
1873 7492 18247
1874 7496 19059
1875 7500 18113
1876 7504 17551
1877 7508 18734
1878 7512 18101
1879 7516 18578
1880 7520 17825
1881 7524 19021
1882 7528 18551
1883 7532 18883
1884 7536 17551
1885 7540 18820
1886 7544 18460
1887 7548 18345
1888 7552 18753
1889 7556 18561
1890 7560 19235
1891 7564 18629
1892 7568 17645
1893 7572 18975
1894 7576 18470
1895 7580 18880
1896 7584 18113
1897 7588 19039
1898 7592 18653
1899 7596 18682
1900 7600 18033
1901 7604 19163
1902 7608 18130
1903 7612 19186
1904 7616 17914
1905 7620 19563
1906 7624 18123
1907 7628 18228
1908 7632 18320
1909 7636 18862
1910 7640 18565
1911 7644 19365
1912 7648 18695
1913 7652 18512
1914 7656 18819
1915 7660 18500
1916 7664 18274
1917 7668 18796
1918 7672 19016
1919 7676 18760
1920 7680 17938
1921 7684 18587
1922 7688 18923
1923 7692 18908
1924 7696 18243
1925 7700 18583
1926 7704 18685
1927 7708 19173
1928 7712 18112
1929 7716 19023
1930 7720 18875
1931 7724 18649
1932 7728 17953
1933 7732 18675
1934 7736 19017
1935 7740 19017
1936 7744 18414
1937 7748 18655
1938 7752 18974
1939 7756 19450
1940 7760 18532
1941 7764 19422
1942 7768 18979
1943 7772 19225
1944 7776 18435
1945 7780 18991
1946 7784 19265
1947 7788 19694
1948 7792 18238
1949 7796 18942
1950 7800 19351
1951 7804 19494
1952 7808 18180
1953 7812 18692
1954 7816 19277
1955 7820 19008
1956 7824 18202
1957 7828 19435
1958 7832 18889
1959 7836 19323
1960 7840 18676
1961 7844 19458
1962 7848 19055
1963 7852 19172
1964 7856 18341
1965 7860 20171
1966 7864 18955
1967 7868 19576
1968 7872 18639
1969 7876 19720
1970 7880 19099
1971 7884 19669
1972 7888 18600
1973 7892 19726
1974 7896 19356
1975 7900 19577
1976 7904 18612
1977 7908 19076
1978 7912 19097
1979 7916 19810
1980 7920 19059
1981 7924 19371
1982 7928 19681
1983 7932 19251
1984 7936 18656
1985 7940 19415
1986 7944 19509
1987 7948 18977
1988 7952 18779
1989 7956 19364
1990 7960 19587
1991 7964 19374
1992 7968 18983
1993 7972 19547
1994 7976 20248
1995 7980 19822
1996 7984 18713
1997 7988 19723
1998 7992 19260
1999 7996 19390
2000 8000 19186
2001 8004 19346
2002 8008 20075
2003 8012 19784
2004 8016 19536
2005 8020 19492
2006 8024 19357
2007 8028 19936
2008 8032 18946
2009 8036 19592
2010 8040 19179
2011 8044 19431
2012 8048 18759
2013 8052 20273
2014 8056 19756
2015 8060 20844
2016 8064 19416
2017 8068 19768
2018 8072 20583
2019 8076 19923
2020 8080 19515
2021 8084 19914
2022 8088 21068
2023 8092 20656
2024 8096 19067
2025 8100 19708
2026 8104 19917
2027 8108 20673
2028 8112 19041
2029 8116 20023
2030 8120 19989
2031 8124 20226
2032 8128 19134
2033 8132 20553
2034 8136 20498
2035 8140 20130
2036 8144 19988
2037 8148 19919
2038 8152 21187
2039 8156 20199
2040 8160 19257
2041 8164 19770
2042 8168 19924
2043 8172 19932
2044 8176 19526
2045 8180 19712
2046 8184 19890
2047 8188 20711
2048 8192 19827
2049 8196 21025
2050 8200 20331
2051 8204 20558
2052 8208 19776
2053 8212 20378
2054 8216 21468
2055 8220 20631
2056 8224 19441
2057 8228 20595
2058 8232 20351
2059 8236 21731
2060 8240 20614
2061 8244 20604
2062 8248 19975
2063 8252 20619
2064 8256 19184
2065 8260 20346
2066 8264 20617
2067 8268 20700
2068 8272 19898
2069 8276 20198
2070 8280 21305
2071 8284 20637
2072 8288 19837
2073 8292 20657
2074 8296 20036
2075 8300 20222
2076 8304 19494
2077 8308 20814
2078 8312 21634
2079 8316 20901
2080 8320 19758
2081 8324 20965
2082 8328 21688
2083 8332 20784
2084 8336 19990
2085 8340 20128
2086 8344 20763
2087 8348 20773
2088 8352 19652
2089 8356 20503
2090 8360 21519
2091 8364 21636
2092 8368 19717
2093 8372 20809
2094 8376 21058
2095 8380 20804
2096 8384 19917
2097 8388 20944
2098 8392 20065
2099 8396 21166
2100 8400 19541
2101 8404 20718
2102 8408 20330
2103 8412 20681
2104 8416 19536
2105 8420 21097
2106 8424 20772
2107 8428 20372
2108 8432 19828
2109 8436 21202
2110 8440 21164
2111 8444 20677
2112 8448 20509
2113 8452 20451
2114 8456 21168
2115 8460 21212
2116 8464 20204
2117 8468 20821
2118 8472 20847
2119 8476 20772
2120 8480 20854
2121 8484 20694
2122 8488 20564
2123 8492 20576
2124 8496 20863
2125 8500 20683
2126 8504 21392
2127 8508 21184
2128 8512 20358
2129 8516 20855
2130 8520 20727
2131 8524 20697
2132 8528 20813
2133 8532 22305
2134 8536 20961
2135 8540 21928
2136 8544 19902
2137 8548 21893
2138 8552 21338
2139 8556 21116
2140 8560 20670
2141 8564 21298
2142 8568 21272
2143 8572 21185
2144 8576 20215
2145 8580 21513
2146 8584 20987
2147 8588 21192
2148 8592 21337
2149 8596 21658
2150 8600 20912
2151 8604 21573
2152 8608 21038
2153 8612 22085
2154 8616 22058
2155 8620 21675
2156 8624 20505
2157 8628 21876
2158 8632 20661
2159 8636 21759
2160 8640 20396
2161 8644 22033
2162 8648 21259
2163 8652 21227
2164 8656 20583
2165 8660 22052
2166 8664 21346
2167 8668 21297
2168 8672 20734
2169 8676 21195
2170 8680 21447
2171 8684 21976
2172 8688 21709
2173 8692 22021
2174 8696 21609
2175 8700 20811
2176 8704 20848
2177 8708 22072
2178 8712 22863
2179 8716 22192
2180 8720 20558
2181 8724 22319
2182 8728 21454
2183 8732 21485
2184 8736 20944
2185 8740 22142
2186 8744 21735
2187 8748 21953
2188 8752 21434
2189 8756 23436
2190 8760 23284
2191 8764 21866
2192 8768 20860
2193 8772 21406
2194 8776 23078
2195 8780 22227
2196 8784 20901
2197 8788 21915
2198 8792 21698
2199 8796 21106
2200 8800 20789
2201 8804 21717
2202 8808 21380
2203 8812 22790
2204 8816 21333
2205 8820 21638
2206 8824 22281
2207 8828 21373
2208 8832 21518
2209 8836 22173
2210 8840 21687
2211 8844 23012
2212 8848 21795
2213 8852 21879
2214 8856 22875
2215 8860 22499
2216 8864 20923
2217 8868 22195
2218 8872 22941
2219 8876 22202
2220 8880 21211
2221 8884 22773
2222 8888 21911
2223 8892 21882
2224 8896 22309
2225 8900 21825
2226 8904 24667
2227 8908 22319
2228 8912 21649
2229 8916 21732
2230 8920 22563
2231 8924 22620
2232 8928 21936
2233 8932 22648
2234 8936 21979
2235 8940 22202
2236 8944 21458
2237 8948 22380
2238 8952 23097
2239 8956 22570
2240 8960 21417
2241 8964 21747
2242 8968 22412
2243 8972 23171
2244 8976 22412
2245 8980 23512
2246 8984 23040
2247 8988 22465
2248 8992 21654
2249 8996 22263
2250 9000 22517
2251 9004 22423
2252 9008 21622
2253 9012 22595
2254 9016 22324
2255 9020 22649
2256 9024 21783
2257 9028 22162
2258 9032 22728
2259 9036 22987
2260 9040 21733
2261 9044 22863
2262 9048 22779
2263 9052 22828
2264 9056 21651
2265 9060 22984
2266 9064 22947
2267 9068 22664
2268 9072 21784
2269 9076 22426
2270 9080 22102
2271 9084 22828
2272 9088 22239
2273 9092 22510
2274 9096 22792
2275 9100 22175
2276 9104 21445
2277 9108 23820
2278 9112 22593
2279 9116 22982
2280 9120 22467
2281 9124 22506
2282 9128 22322
2283 9132 22365
2284 9136 22420
2285 9140 23817
2286 9144 22472
2287 9148 24076
2288 9152 22112
2289 9156 23094
2290 9160 22544
2291 9164 23035
2292 9168 22040
2293 9172 22876
2294 9176 23403
2295 9180 23622
2296 9184 22680
2297 9188 22828
2298 9192 23511
2299 9196 23343
2300 9200 22250
2301 9204 23270
2302 9208 22994
2303 9212 23807
2304 9216 22565
2305 9220 22732
2306 9224 23044
2307 9228 23898
2308 9232 22611
2309 9236 23672
2310 9240 23260
2311 9244 23106
2312 9248 23264
2313 9252 23312
2314 9256 22913
2315 9260 22958
2316 9264 22066
2317 9268 23371
2318 9272 23577
2319 9276 22921
2320 9280 22767
2321 9284 23408
2322 9288 23044
2323 9292 24319
2324 9296 22389
2325 9300 23174
2326 9304 24490
2327 9308 23457
2328 9312 23172
2329 9316 23178
2330 9320 24430
2331 9324 23650
2332 9328 22920
2333 9332 23141
2334 9336 23820
2335 9340 23025
2336 9344 23071
2337 9348 24232
2338 9352 23657
2339 9356 24024
2340 9360 23673
2341 9364 23616
2342 9368 24016
2343 9372 23918
2344 9376 23031
2345 9380 23054
2346 9384 23240
2347 9388 23907
2348 9392 22960
2349 9396 23461
2350 9400 23069
2351 9404 24390
2352 9408 22672
2353 9412 24374
2354 9416 23445
2355 9420 23346
2356 9424 23373
2357 9428 23981
2358 9432 24629
2359 9436 23666
2360 9440 22954
2361 9444 24768
2362 9448 24446
2363 9452 23410
2364 9456 22942
2365 9460 23402
2366 9464 24351
2367 9468 25349
2368 9472 22749
2369 9476 23642
2370 9480 23928
2371 9484 24090
2372 9488 23678
2373 9492 23944
2374 9496 23871
2375 9500 23977
2376 9504 22945
2377 9508 25157
2378 9512 23990
2379 9516 23898
2380 9520 23460
2381 9524 23624
2382 9528 24103
2383 9532 24046
2384 9536 24051
2385 9540 25793
2386 9544 24516
2387 9548 25014
2388 9552 23382
2389 9556 23428
2390 9560 25942
2391 9564 24384
2392 9568 24297
2393 9572 24270
2394 9576 25024
2395 9580 24639
2396 9584 23142
2397 9588 24303
2398 9592 23926
2399 9596 24866
2400 9600 23904
2401 9604 24232
2402 9608 24707
2403 9612 24382
2404 9616 23140
2405 9620 25181
2406 9624 24142
2407 9628 24221
2408 9632 23245
2409 9636 24547
2410 9640 24145
2411 9644 23859
2412 9648 23508
2413 9652 25686
2414 9656 24778
2415 9660 24452
2416 9664 23476
2417 9668 24885
2418 9672 24772
2419 9676 24391
2420 9680 23446
2421 9684 24824
2422 9688 24413
2423 9692 25086
2424 9696 23964
2425 9700 24497
2426 9704 25137
2427 9708 24426
2428 9712 23414
2429 9716 24481
2430 9720 24287
2431 9724 24824
2432 9728 23967
2433 9732 24974
2434 9736 25555
2435 9740 24166
2436 9744 23417
2437 9748 25464
2438 9752 24685
2439 9756 25411
2440 9760 23858
2441 9764 25336
2442 9768 25144
2443 9772 24873
2444 9776 23822
2445 9780 24818
2446 9784 24979
2447 9788 24081
2448 9792 23561
2449 9796 24416
2450 9800 24391
2451 9804 25333
2452 9808 23833
2453 9812 25680
2454 9816 24844
2455 9820 25520
2456 9824 24087
2457 9828 25402
2458 9832 26004
2459 9836 25291
2460 9840 24131
2461 9844 26520
2462 9848 24882
2463 9852 25147
2464 9856 24685
2465 9860 24918
2466 9864 24965
2467 9868 25496
2468 9872 25087
2469 9876 26458
2470 9880 25795
2471 9884 25375
2472 9888 23804
2473 9892 25209
2474 9896 26588
2475 9900 24604
2476 9904 23823
2477 9908 25616
2478 9912 24808
2479 9916 25269
2480 9920 24795
2481 9924 25472
2482 9928 25820
2483 9932 25347
2484 9936 25014
2485 9940 25319
2486 9944 25058
2487 9948 26418
2488 9952 24243
2489 9956 25326
2490 9960 25004
2491 9964 26087
2492 9968 24407
2493 9972 25299
2494 9976 25310
2495 9980 24720
2496 9984 24262
2497 9988 25351
2498 9992 24737
2499 9996 25531
2500 10000 25002
2501 10004 26257
2502 10008 25192
2503 10012 26351
2504 10016 25049
2505 10020 26408
2506 10024 25548
2507 10028 26558
2508 10032 24884
2509 10036 25064
2510 10040 25943
2511 10044 25943
2512 10048 23947
2513 10052 26100
2514 10056 26396
2515 10060 26200
2516 10064 24522
2517 10068 25726
2518 10072 26196
2519 10076 25319
2520 10080 24402
2521 10084 25855
2522 10088 26971
2523 10092 25536
2524 10096 25142
2525 10100 26487
2526 10104 25822
2527 10108 25344
2528 10112 24666
2529 10116 25014
2530 10120 27102
2531 10124 25558
2532 10128 24850
2533 10132 26847
2534 10136 26021
2535 10140 25978
2536 10144 25678
2537 10148 25323
2538 10152 25847
2539 10156 25526
2540 10160 24938
2541 10164 26495
2542 10168 25613
2543 10172 25729
2544 10176 26976
2545 10180 25514
2546 10184 26427
2547 10188 26317
2548 10192 25002
2549 10196 26068
2550 10200 26558
2551 10204 26374
2552 10208 25041
2553 10212 26514
2554 10216 25674
2555 10220 27658
2556 10224 25092
2557 10228 25985
2558 10232 26384
2559 10236 26013
2560 10240 25010
2561 10244 26272
2562 10248 26089
2563 10252 25915
2564 10256 25957
2565 10260 26303
2566 10264 25835
2567 10268 26094
2568 10272 25259
2569 10276 26932
2570 10280 26144
2571 10284 26453
2572 10288 26073
2573 10292 26312
2574 10296 26182
2575 10300 25864
2576 10304 25319
2577 10308 26329
2578 10312 27309
2579 10316 26540
2580 10320 24998
2581 10324 26055
2582 10328 26195
2583 10332 26878
2584 10336 26050
2585 10340 26598
2586 10344 26402
2587 10348 26076
2588 10352 25649
2589 10356 25980
2590 10360 26731
2591 10364 26599
2592 10368 25361
2593 10372 26260
2594 10376 26263
2595 10380 26496
2596 10384 26158
2597 10388 27382
2598 10392 27092
2599 10396 26400
2600 10400 25402
2601 10404 26379
2602 10408 26256
2603 10412 26327
2604 10416 25656
2605 10420 26918
2606 10424 27136
2607 10428 27171
2608 10432 25266
2609 10436 26277
2610 10440 27430
2611 10444 27169
2612 10448 25604
2613 10452 27686
2614 10456 27761
2615 10460 26584
2616 10464 25537
2617 10468 26887
2618 10472 26401
2619 10476 26364
2620 10480 25569
2621 10484 27127
2622 10488 27430
2623 10492 27353
2624 10496 25778
2625 10500 27122
2626 10504 27633
2627 10508 26647
2628 10512 25552
2629 10516 26563
2630 10520 26775
2631 10524 26929
2632 10528 26261
2633 10532 27185
2634 10536 27169
2635 10540 27287
2636 10544 26417
2637 10548 26601
2638 10552 28230
2639 10556 27029
2640 10560 26365
2641 10564 26536
2642 10568 27233
2643 10572 27775
2644 10576 26649
2645 10580 27370
2646 10584 26567
2647 10588 27026
2648 10592 26304
2649 10596 27834
2650 10600 27639
2651 10604 27007
2652 10608 26080
2653 10612 27168
2654 10616 27195
2655 10620 27805
2656 10624 26053
2657 10628 26898
2658 10632 27159
2659 10636 27818
2660 10640 26719
2661 10644 27184
2662 10648 27237
2663 10652 27516
2664 10656 26683
2665 10660 27520
2666 10664 27836
2667 10668 28156
2668 10672 25819
2669 10676 27204
2670 10680 27555
2671 10684 27362
2672 10688 26190
2673 10692 28455
2674 10696 27410
2675 10700 27738
2676 10704 26401
2677 10708 27212
2678 10712 28267
2679 10716 27745
2680 10720 26583
2681 10724 27828
2682 10728 29785
2683 10732 26982
2684 10736 26290
2685 10740 29183
2686 10744 28440
2687 10748 28705
2688 10752 27462
2689 10756 27495
2690 10760 28092
2691 10764 27505
2692 10768 27248
2693 10772 27344
2694 10776 27677
2695 10780 28869
2696 10784 27001
2697 10788 27807
2698 10792 27365
2699 10796 28655
2700 10800 26921
2701 10804 27877
2702 10808 27726
2703 10812 27451
2704 10816 28318
2705 10820 27457
2706 10824 28179
2707 10828 29718
2708 10832 26579
2709 10836 28527
2710 10840 28501
2711 10844 28627
2712 10848 27186
2713 10852 28511
2714 10856 28706
2715 10860 28449
2716 10864 27083
2717 10868 29051
2718 10872 28034
2719 10876 29787
2720 10880 26263
2721 10884 28499
2722 10888 28349
2723 10892 29873
2724 10896 27451
2725 10900 27990
2726 10904 28962
2727 10908 28701
2728 10912 27441
2729 10916 27672
2730 10920 29038
2731 10924 28143
2732 10928 27762
2733 10932 28440
2734 10936 27946
2735 10940 28262
2736 10944 26875
2737 10948 29036
2738 10952 29390
2739 10956 28540
2740 10960 27582
2741 10964 30220
2742 10968 28373
2743 10972 27768
2744 10976 27855
2745 10980 29311
2746 10984 28587
2747 10988 28457
2748 10992 27961
2749 10996 28217
2750 11000 28485
2751 11004 28260
2752 11008 26919
2753 11012 28619
2754 11016 28482
2755 11020 28053
2756 11024 27755
2757 11028 28272
2758 11032 28607
2759 11036 28822
2760 11040 27542
2761 11044 28874
2762 11048 29273
2763 11052 29388
2764 11056 27804
2765 11060 29190
2766 11064 29367
2767 11068 29751
2768 11072 27751
2769 11076 28086
2770 11080 27989
2771 11084 29282
2772 11088 27225
2773 11092 29584
2774 11096 29419
2775 11100 30515
2776 11104 27848
2777 11108 29584
2778 11112 29021
2779 11116 28928
2780 11120 28061
2781 11124 28679
2782 11128 29775
2783 11132 28789
2784 11136 27583
2785 11140 28709
2786 11144 28287
2787 11148 28691
2788 11152 28230
2789 11156 29535
2790 11160 29458
2791 11164 28448
2792 11168 27935
2793 11172 29431
2794 11176 29873
2795 11180 29059
2796 11184 27939
2797 11188 28872
2798 11192 28741
2799 11196 29422
2800 11200 28290
2801 11204 30127
2802 11208 29838
2803 11212 29514
2804 11216 28400
2805 11220 29615
2806 11224 29884
2807 11228 28716
2808 11232 28296
2809 11236 29096
2810 11240 29073
2811 11244 28974
2812 11248 28006
2813 11252 29893
2814 11256 30128
2815 11260 29231
2816 11264 28674
2817 11268 29495
2818 11272 29392
2819 11276 30451
2820 11280 28525
2821 11284 28798
2822 11288 29462
2823 11292 32057
2824 11296 27812
2825 11300 29726
2826 11304 29920
2827 11308 29915
2828 11312 27875
2829 11316 30319
2830 11320 30236
2831 11324 29485
2832 11328 28224
2833 11332 29630
2834 11336 29180
2835 11340 30240
2836 11344 27974
2837 11348 30120
2838 11352 29865
2839 11356 29602
2840 11360 28695
2841 11364 29711
2842 11368 30394
2843 11372 29769
2844 11376 28538
2845 11380 29295
2846 11384 29019
2847 11388 29617
2848 11392 29108
2849 11396 29819
2850 11400 30603
2851 11404 29369
2852 11408 28700
2853 11412 30004
2854 11416 29204
2855 11420 31129
2856 11424 28637
2857 11428 30208
2858 11432 29988
2859 11436 29007
2860 11440 28447
2861 11444 29620
2862 11448 29718
2863 11452 30474
2864 11456 29049
2865 11460 30163
2866 11464 29380
2867 11468 30529
2868 11472 28382
2869 11476 31338
2870 11480 29618
2871 11484 30118
2872 11488 28491
2873 11492 30129
2874 11496 30337
2875 11500 32508
2876 11504 29334
2877 11508 30398
2878 11512 30046
2879 11516 29873
2880 11520 28502
2881 11524 30866
2882 11528 29992
2883 11532 29824
2884 11536 28499
2885 11540 30337
2886 11544 30289
2887 11548 31625
2888 11552 29584
2889 11556 30926
2890 11560 30323
2891 11564 29869
2892 11568 29115
2893 11572 30332
2894 11576 30712
2895 11580 30254
2896 11584 28935
2897 11588 32665
2898 11592 31337
2899 11596 29712
2900 11600 28606
2901 11604 30308
2902 11608 29443
2903 11612 29934
2904 11616 29625
2905 11620 31834
2906 11624 29657
2907 11628 31618
2908 11632 30026
2909 11636 30395
2910 11640 30466
2911 11644 29844
2912 11648 29414
2913 11652 30285
2914 11656 30529
2915 11660 30903
2916 11664 28685
2917 11668 30982
2918 11672 30428
2919 11676 30413
2920 11680 28834
2921 11684 29839
2922 11688 30273
2923 11692 31243
2924 11696 29865
2925 11700 29899
2926 11704 30095
2927 11708 31012
2928 11712 29278
2929 11716 30918
2930 11720 29640
2931 11724 30157
2932 11728 29586
2933 11732 30535
2934 11736 31164
2935 11740 31220
2936 11744 30658
2937 11748 30863
2938 11752 31500
2939 11756 31628
2940 11760 30425
2941 11764 30747
2942 11768 31059
2943 11772 30500
2944 11776 30618
2945 11780 30400
2946 11784 30735
2947 11788 31022
2948 11792 31501
2949 11796 31309
2950 11800 31376
2951 11804 30637
2952 11808 30149
2953 11812 31913
2954 11816 31780
2955 11820 30208
2956 11824 29322
2957 11828 30770
2958 11832 31668
2959 11836 30759
2960 11840 29197
2961 11844 31527
2962 11848 30218
2963 11852 30956
2964 11856 29415
2965 11860 30554
2966 11864 31343
2967 11868 31338
2968 11872 29798
2969 11876 31034
2970 11880 31209
2971 11884 30685
2972 11888 29627
2973 11892 31775
2974 11896 30552
2975 11900 30786
2976 11904 31027
2977 11908 33614
2978 11912 30814
2979 11916 30930
2980 11920 29997
2981 11924 31179
2982 11928 30839
2983 11932 31981
2984 11936 30582
2985 11940 31777
2986 11944 30720
2987 11948 30895
2988 11952 30473
2989 11956 30857
2990 11960 31808
2991 11964 31474
2992 11968 30528
2993 11972 31991
2994 11976 31122
2995 11980 31651
2996 11984 30344
2997 11988 31489
2998 11992 32029
2999 11996 30787
3000 12000 29876
3001 12004 31822
3002 12008 31450
3003 12012 31243
3004 12016 30214
3005 12020 31251
3006 12024 31522
3007 12028 30936
3008 12032 30361
3009 12036 31645
3010 12040 30939
3011 12044 31129
3012 12048 30942
3013 12052 32109
3014 12056 31730
3015 12060 31536
3016 12064 30729
3017 12068 31312
3018 12072 32484
3019 12076 31742
3020 12080 31091
3021 12084 31867
3022 12088 31719
3023 12092 31959
3024 12096 31218
3025 12100 31484
3026 12104 31824
3027 12108 32515
3028 12112 30470
3029 12116 31369
3030 12120 30989
3031 12124 31323
3032 12128 31042
3033 12132 31076
3034 12136 31423
3035 12140 32478
3036 12144 30770
3037 12148 31561
3038 12152 31440
3039 12156 32497
3040 12160 30263
3041 12164 31606
3042 12168 32141
3043 12172 32708
3044 12176 30398
3045 12180 31836
3046 12184 32229
3047 12188 33078
3048 12192 32618
3049 12196 32775
3050 12200 32788
3051 12204 32935
3052 12208 30702
3053 12212 31764
3054 12216 32988
3055 12220 32662
3056 12224 30348
3057 12228 31187
3058 12232 33712
3059 12236 31536
3060 12240 31594
3061 12244 31933
3062 12248 31978
3063 12252 32921
3064 12256 31559
3065 12260 32709
3066 12264 32969
3067 12268 31775
3068 12272 31138
3069 12276 32844
3070 12280 32296
3071 12284 32768
3072 12288 30857
3073 12292 33333
3074 12296 31893
3075 12300 32365
3076 12304 31615
3077 12308 31755
3078 12312 31620
3079 12316 31635
3080 12320 31292
3081 12324 32556
3082 12328 33471
3083 12332 32361
3084 12336 31681
3085 12340 31822
3086 12344 32434
3087 12348 32500
3088 12352 30995
3089 12356 33253
3090 12360 34304
3091 12364 31653
3092 12368 31706
3093 12372 33009
3094 12376 33057
3095 12380 35626
3096 12384 31110
3097 12388 32444
3098 12392 32222
3099 12396 32996
3100 12400 31122
3101 12404 33691
3102 12408 33423
3103 12412 32482
3104 12416 31168
3105 12420 33010
3106 12424 32643
3107 12428 32016
3108 12432 31611
3109 12436 32241
3110 12440 31396
3111 12444 32638
3112 12448 31589
3113 12452 33971
3114 12456 32735
3115 12460 33727
3116 12464 31907
3117 12468 32895
3118 12472 32657
3119 12476 32838
3120 12480 31912
3121 12484 32487
3122 12488 33117
3123 12492 32859
3124 12496 31242
3125 12500 32240
3126 12504 32037
3127 12508 32405
3128 12512 31800
3129 12516 33644
3130 12520 33081
3131 12524 32740
3132 12528 33076
3133 12532 33113
3134 12536 32936
3135 12540 32452
3136 12544 31667
3137 12548 32804
3138 12552 34554
3139 12556 33330
3140 12560 31480
3141 12564 33479
3142 12568 33072
3143 12572 33015
3144 12576 31789
3145 12580 33287
3146 12584 32784
3147 12588 33473
3148 12592 33544
3149 12596 34797
3150 12600 33579
3151 12604 32771
3152 12608 32006
3153 12612 32244
3154 12616 33297
3155 12620 32415
3156 12624 32534
3157 12628 33354
3158 12632 32937
3159 12636 34494
3160 12640 32528
3161 12644 34035
3162 12648 35675
3163 12652 32986
3164 12656 32101
3165 12660 33418
3166 12664 33811
3167 12668 33234
3168 12672 32491
3169 12676 33705
3170 12680 33205
3171 12684 32548
3172 12688 32167
3173 12692 33112
3174 12696 32926
3175 12700 35111
3176 12704 32383
3177 12708 32853
3178 12712 33343
3179 12716 34147
3180 12720 33038
3181 12724 33858
3182 12728 33756
3183 12732 33703
3184 12736 32605
3185 12740 33222
3186 12744 34036
3187 12748 33332
3188 12752 32334
3189 12756 33542
3190 12760 33754
3191 12764 35104
3192 12768 31949
3193 12772 33642
3194 12776 33303
3195 12780 34475
3196 12784 31924
3197 12788 34111
3198 12792 33385
3199 12796 33703
3200 12800 33187
3201 12804 33178
3202 12808 34528
3203 12812 34153
3204 12816 33536
3205 12820 33927
3206 12824 33597
3207 12828 34002
3208 12832 32603
3209 12836 34359
3210 12840 34465
3211 12844 34486
3212 12848 33371
3213 12852 33201
3214 12856 34121
3215 12860 34787
3216 12864 32202
3217 12868 34152
3218 12872 33655
3219 12876 34176
3220 12880 32984
3221 12884 33270
3222 12888 33138
3223 12892 34688
3224 12896 33567
3225 12900 34396
3226 12904 34450
3227 12908 33745
3228 12912 34202
3229 12916 33606
3230 12920 34529
3231 12924 33948
3232 12928 33520
3233 12932 34758
3234 12936 34692
3235 12940 34707
3236 12944 32868
3237 12948 33546
3238 12952 34009
3239 12956 33593
3240 12960 33673
3241 12964 33980
3242 12968 34568
3243 12972 33603
3244 12976 34487
3245 12980 34214
3246 12984 34917
3247 12988 33572
3248 12992 32895
3249 12996 34173
3250 13000 34923
3251 13004 34270
3252 13008 32495
3253 13012 34700
3254 13016 34281
3255 13020 34324
3256 13024 33040
3257 13028 34375
3258 13032 35120
3259 13036 34873
3260 13040 33206
3261 13044 36013
3262 13048 34077
3263 13052 35980
3264 13056 33486
3265 13060 33991
3266 13064 35135
3267 13068 36476
3268 13072 32787
3269 13076 34671
3270 13080 34956
3271 13084 35361
3272 13088 33344
3273 13092 34969
3274 13096 36265
3275 13100 35798
3276 13104 33090
3277 13108 35614
3278 13112 35304
3279 13116 35308
3280 13120 33414
3281 13124 34763
3282 13128 34575
3283 13132 35121
3284 13136 33190
3285 13140 34507
3286 13144 34652
3287 13148 34466
3288 13152 34381
3289 13156 35609
3290 13160 34835
3291 13164 35088
3292 13168 33258
3293 13172 35413
3294 13176 35373
3295 13180 34268
3296 13184 33736
3297 13188 35833
3298 13192 36195
3299 13196 36355
3300 13200 34187
3301 13204 34149
3302 13208 35792
3303 13212 35163
3304 13216 33269
3305 13220 34075
3306 13224 34157
3307 13228 34649
3308 13232 33622
3309 13236 34192
3310 13240 35712
3311 13244 35829
3312 13248 33556
3313 13252 34890
3314 13256 34917
3315 13260 36138
3316 13264 33423
3317 13268 37084
3318 13272 35770
3319 13276 34928
3320 13280 33307
3321 13284 37090
3322 13288 35198
3323 13292 35303
3324 13296 34099
3325 13300 34766
3326 13304 35492
3327 13308 35963
3328 13312 34086
3329 13316 35770
3330 13320 37281
3331 13324 35207
3332 13328 34633
3333 13332 34712
3334 13336 35015
3335 13340 34694
3336 13344 34693
3337 13348 36013
3338 13352 35059
3339 13356 34901
3340 13360 34083
3341 13364 35340
3342 13368 35085
3343 13372 34640
3344 13376 34535
3345 13380 35340
3346 13384 37033
3347 13388 35878
3348 13392 34578
3349 13396 35294
3350 13400 35321
3351 13404 35666
3352 13408 34329
3353 13412 35366
3354 13416 34920
3355 13420 36665
3356 13424 34161
3357 13428 35350
3358 13432 37361
3359 13436 35860
3360 13440 34519
3361 13444 35359
3362 13448 35770
3363 13452 36595
3364 13456 33674
3365 13460 34751
3366 13464 36224
3367 13468 35986
3368 13472 34630
3369 13476 35120
3370 13480 35311
3371 13484 35512
3372 13488 33970
3373 13492 35156
3374 13496 37807
3375 13500 35461
3376 13504 34750
3377 13508 35363
3378 13512 36772
3379 13516 36361
3380 13520 34898
3381 13524 35522
3382 13528 36941
3383 13532 34992
3384 13536 35413
3385 13540 36391
3386 13544 36420
3387 13548 36040
3388 13552 34712
3389 13556 36284
3390 13560 36135
3391 13564 36015
3392 13568 35280
3393 13572 37207
3394 13576 35961
3395 13580 38264
3396 13584 35268
3397 13588 35227
3398 13592 36060
3399 13596 36039
3400 13600 35011
3401 13604 35902
3402 13608 35212
3403 13612 36072
3404 13616 35503
3405 13620 36563
3406 13624 36250
3407 13628 36132
3408 13632 34846
3409 13636 37664
3410 13640 36140
3411 13644 36028
3412 13648 35883
3413 13652 36353
3414 13656 37029
3415 13660 36132
3416 13664 34161
3417 13668 35957
3418 13672 37437
3419 13676 36905
3420 13680 34452
3421 13684 36158
3422 13688 37852
3423 13692 35676
3424 13696 36842
3425 13700 36061
3426 13704 39093
3427 13708 35903
3428 13712 35355
3429 13716 36186
3430 13720 37643
3431 13724 35521
3432 13728 35324
3433 13732 36614
3434 13736 36145
3435 13740 36219
3436 13744 35044
3437 13748 36243
3438 13752 36634
3439 13756 37260
3440 13760 35115
3441 13764 36201
3442 13768 36670
3443 13772 36971
3444 13776 36409
3445 13780 37771
3446 13784 37900
3447 13788 37040
3448 13792 35670
3449 13796 36361
3450 13800 36490
3451 13804 38531
3452 13808 35311
3453 13812 36398
3454 13816 36902
3455 13820 36769
3456 13824 36151
3457 13828 37309
3458 13832 36522
3459 13836 35857
3460 13840 35321
3461 13844 37512
3462 13848 37428
3463 13852 37562
3464 13856 35988
3465 13860 37390
3466 13864 36679
3467 13868 36905
3468 13872 36189
3469 13876 36993
3470 13880 36874
3471 13884 37429
3472 13888 35788
3473 13892 38848
3474 13896 36980
3475 13900 37200
3476 13904 35547
3477 13908 36557
3478 13912 38374
3479 13916 37853
3480 13920 36205
3481 13924 36607
3482 13928 36790
3483 13932 36888
3484 13936 35597
3485 13940 38222
3486 13944 38782
3487 13948 37242
3488 13952 35391
3489 13956 36813
3490 13960 37706
3491 13964 36912
3492 13968 35427
3493 13972 37874
3494 13976 37562
3495 13980 38407
3496 13984 35685
3497 13988 38514
3498 13992 37700
3499 13996 38075
3500 14000 35727
3501 14004 38832
3502 14008 37426
3503 14012 36785
3504 14016 35689
3505 14020 37981
3506 14024 39066
3507 14028 38986
3508 14032 35581
3509 14036 37745
3510 14040 36693
3511 14044 36921
3512 14048 36349
3513 14052 37833
3514 14056 39007
3515 14060 38740
3516 14064 35694
3517 14068 38116
3518 14072 37738
3519 14076 37847
3520 14080 35908
3521 14084 38110
3522 14088 37596
3523 14092 37574
3524 14096 36298
3525 14100 37681
3526 14104 38760
3527 14108 37505
3528 14112 36414
3529 14116 37913
3530 14120 38142
3531 14124 38218
3532 14128 36957
3533 14132 39009
3534 14136 38329
3535 14140 38833
3536 14144 35789
3537 14148 37989
3538 14152 37444
3539 14156 37246
3540 14160 36628
3541 14164 37857
3542 14168 36835
3543 14172 38238
3544 14176 36147
3545 14180 37999
3546 14184 37499
3547 14188 37802
3548 14192 36778
3549 14196 37479
3550 14200 37479
3551 14204 36820
3552 14208 37051
3553 14212 37541
3554 14216 38796
3555 14220 38250
3556 14224 36189
3557 14228 38079
3558 14232 37488
3559 14236 38403
3560 14240 36411
3561 14244 39053
3562 14248 40600
3563 14252 38224
3564 14256 37309
3565 14260 38323
3566 14264 37997
3567 14268 37429
3568 14272 36362
3569 14276 38030
3570 14280 37023
3571 14284 37700
3572 14288 36308
3573 14292 38579
3574 14296 37845
3575 14300 37907
3576 14304 37119
3577 14308 38471
3578 14312 38345
3579 14316 37905
3580 14320 36060
3581 14324 38777
3582 14328 38042
3583 14332 38575
3584 14336 36607
3585 14340 38496
3586 14344 37816
3587 14348 38203
3588 14352 36553
3589 14356 38956
3590 14360 38502
3591 14364 37957
3592 14368 37121
3593 14372 37453
3594 14376 38819
3595 14380 40012
3596 14384 37201
3597 14388 38517
3598 14392 38013
3599 14396 40258
3600 14400 36543
3601 14404 38344
3602 14408 38506
3603 14412 41056
3604 14416 37087
3605 14420 39379
3606 14424 37857
3607 14428 38746
3608 14432 36682
3609 14436 39457
3610 14440 38223
3611 14444 38712
3612 14448 37455
3613 14452 39072
3614 14456 39019
3615 14460 37782
3616 14464 37272
3617 14468 39592
3618 14472 38317
3619 14476 41464
3620 14480 37994
3621 14484 38966
3622 14488 39487
3623 14492 37712
3624 14496 36892
3625 14500 37977
3626 14504 38733
3627 14508 38566
3628 14512 36325
3629 14516 38437
3630 14520 38188
3631 14524 39274
3632 14528 37196
3633 14532 40115
3634 14536 38462
3635 14540 38243
3636 14544 37242
3637 14548 39239
3638 14552 40177
3639 14556 38711
3640 14560 36784
3641 14564 38832
3642 14568 40689
3643 14572 39359
3644 14576 36981
3645 14580 39128
3646 14584 39114
3647 14588 40518
3648 14592 36987
3649 14596 38669
3650 14600 39490
3651 14604 38573
3652 14608 37893
3653 14612 38954
3654 14616 39958
3655 14620 38920
3656 14624 37389
3657 14628 40038
3658 14632 39406
3659 14636 38066
3660 14640 36993
3661 14644 39932
3662 14648 38515
3663 14652 39591
3664 14656 37362
3665 14660 39077
3666 14664 40560
3667 14668 39546
3668 14672 39027
3669 14676 39871
3670 14680 38901
3671 14684 39086
3672 14688 37685
3673 14692 40016
3674 14696 38557
3675 14700 38477
3676 14704 37394
3677 14708 39162
3678 14712 38682
3679 14716 38345
3680 14720 37048
3681 14724 39545
3682 14728 39223
3683 14732 39865
3684 14736 38052
3685 14740 40459
3686 14744 39104
3687 14748 39896
3688 14752 38412
3689 14756 39142
3690 14760 40160
3691 14764 39919
3692 14768 37639
3693 14772 40467
3694 14776 40685
3695 14780 39546
3696 14784 38765
3697 14788 39626
3698 14792 41155
3699 14796 39935
3700 14800 37698
3701 14804 38882
3702 14808 39913
3703 14812 39774
3704 14816 38528
3705 14820 40724
3706 14824 39567
3707 14828 40510
3708 14832 39360
3709 14836 39647
3710 14840 39257
3711 14844 41498
3712 14848 38141
3713 14852 40114
3714 14856 40436
3715 14860 40909
3716 14864 38588
3717 14868 39571
3718 14872 39270
3719 14876 39770
3720 14880 38074
3721 14884 41489
3722 14888 39396
3723 14892 40264
3724 14896 37846
3725 14900 40584
3726 14904 40229
3727 14908 42757
3728 14912 38144
3729 14916 40949
3730 14920 40029
3731 14924 40650
3732 14928 38576
3733 14932 42270
3734 14936 39802
3735 14940 39179
3736 14944 38717
3737 14948 39313
3738 14952 39816
3739 14956 40350
3740 14960 38591
3741 14964 40163
3742 14968 40201
3743 14972 39581
3744 14976 38146
3745 14980 40227
3746 14984 39305
3747 14988 39680
3748 14992 39932
3749 14996 41221
3750 15000 39471
3751 15004 40907
3752 15008 39223
3753 15012 39946
3754 15016 39653
3755 15020 42091
3756 15024 38370
3757 15028 40173
3758 15032 40360
3759 15036 42532
3760 15040 38865
3761 15044 40792
3762 15048 40512
3763 15052 41634
3764 15056 38127
3765 15060 42395
3766 15064 41011
3767 15068 40552
3768 15072 38348
3769 15076 41396
3770 15080 40300
3771 15084 41246
3772 15088 38963
3773 15092 40944
3774 15096 40320
3775 15100 43289
3776 15104 39865
3777 15108 40104
3778 15112 39684
3779 15116 39757
3780 15120 38836
3781 15124 40534
3782 15128 41224
3783 15132 40845
3784 15136 39037
3785 15140 43148
3786 15144 41681
3787 15148 40662
3788 15152 38472
3789 15156 40759
3790 15160 40566
3791 15164 40932
3792 15168 39659
3793 15172 40518
3794 15176 42718
3795 15180 40287
3796 15184 39149
3797 15188 42413
3798 15192 40941
3799 15196 41629
3800 15200 39491
3801 15204 40046
3802 15208 40881
3803 15212 40416
3804 15216 39907
3805 15220 41361
3806 15224 40228
3807 15228 39672
3808 15232 39666
3809 15236 41540
3810 15240 41730
3811 15244 40720
3812 15248 39024
3813 15252 40824
3814 15256 40833
3815 15260 41682
3816 15264 39210
3817 15268 40016
3818 15272 41402
3819 15276 40935
3820 15280 39600
3821 15284 40945
3822 15288 40744
3823 15292 41437
3824 15296 39829
3825 15300 39947
3826 15304 40437
3827 15308 41965
3828 15312 39313
3829 15316 41312
3830 15320 42527
3831 15324 40608
3832 15328 39619
3833 15332 43790
3834 15336 43202
3835 15340 44323
3836 15344 39604
3837 15348 42144
3838 15352 42967
3839 15356 41054
3840 15360 39505
3841 15364 40473
3842 15368 42034
3843 15372 40752
3844 15376 40350
3845 15380 41077
3846 15384 43149
3847 15388 42632
3848 15392 39529
3849 15396 41306
3850 15400 40633
3851 15404 42867
3852 15408 39076
3853 15412 41505
3854 15416 42401
3855 15420 41698
3856 15424 40160
3857 15428 41024
3858 15432 41214
3859 15436 41669
3860 15440 39756
3861 15444 44186
3862 15448 41615
3863 15452 43470
3864 15456 40496
3865 15460 41290
3866 15464 42901
3867 15468 41882
3868 15472 39972
3869 15476 41036
3870 15480 42412
3871 15484 41305
3872 15488 39216
3873 15492 43236
3874 15496 41822
3875 15500 42079
3876 15504 40304
3877 15508 41509
3878 15512 41201
3879 15516 41623
3880 15520 39762
3881 15524 41806
3882 15528 40659
3883 15532 41487
3884 15536 39847
3885 15540 40896
3886 15544 41050
3887 15548 43302
3888 15552 40039
3889 15556 41928
3890 15560 42076
3891 15564 42706
3892 15568 40270
3893 15572 41359
3894 15576 42042
3895 15580 43445
3896 15584 40061
3897 15588 41959
3898 15592 41966
3899 15596 41547
3900 15600 39857
3901 15604 41475
3902 15608 42479
3903 15612 43607
3904 15616 40838
3905 15620 43343
3906 15624 42371
3907 15628 41518
3908 15632 40697
3909 15636 43171
3910 15640 41753
3911 15644 42982
3912 15648 40803
3913 15652 42007
3914 15656 42320
3915 15660 41252
3916 15664 40565
3917 15668 42323
3918 15672 41636
3919 15676 42565
3920 15680 40702
3921 15684 42886
3922 15688 43178
3923 15692 43085
3924 15696 41526
3925 15700 42417
3926 15704 41666
3927 15708 41964
3928 15712 41043
3929 15716 41997
3930 15720 41791
3931 15724 43060
3932 15728 41416
3933 15732 42087
3934 15736 41572
3935 15740 42164
3936 15744 40132
3937 15748 42183
3938 15752 43268
3939 15756 42145
3940 15760 41857
3941 15764 43014
3942 15768 42756
3943 15772 41615
3944 15776 40763
3945 15780 43196
3946 15784 43199
3947 15788 44222
3948 15792 40432
3949 15796 42114
3950 15800 42071
3951 15804 43406
3952 15808 40268
3953 15812 44182
3954 15816 42011
3955 15820 42453
3956 15824 41600
3957 15828 42455
3958 15832 43210
3959 15836 42486
3960 15840 41887
3961 15844 42626
3962 15848 42345
3963 15852 41486
3964 15856 42139
3965 15860 44188
3966 15864 42382
3967 15868 42591
3968 15872 41205
3969 15876 43491
3970 15880 42354
3971 15884 42797
3972 15888 41902
3973 15892 44475
3974 15896 42797
3975 15900 42288
3976 15904 41042
3977 15908 43607
3978 15912 43185
3979 15916 42760
3980 15920 40630
3981 15924 42364
3982 15928 44070
3983 15932 44258
3984 15936 40579
3985 15940 43673
3986 15944 43190
3987 15948 44289
3988 15952 41005
3989 15956 43922
3990 15960 43184
3991 15964 42386
3992 15968 41159
3993 15972 42268
3994 15976 43304
3995 15980 43332
3996 15984 41094
3997 15988 42300
3998 15992 44602
3999 15996 43742
4000 16000 40346
4001 16004 43392
4002 16008 43839
4003 16012 42853
4004 16016 41803
4005 16020 43604
4006 16024 42689
4007 16028 43507
4008 16032 42169
4009 16036 44407
4010 16040 43758
4011 16044 43368
4012 16048 41749
4013 16052 45322
4014 16056 42496
4015 16060 43818
4016 16064 41300
4017 16068 42753
4018 16072 44489
4019 16076 44545
4020 16080 41189
4021 16084 44583
4022 16088 42683
4023 16092 43918
4024 16096 41456
4025 16100 42830
4026 16104 43196
4027 16108 43083
4028 16112 40933
4029 16116 43759
4030 16120 43856
4031 16124 42697
4032 16128 42087
4033 16132 43949
4034 16136 44470
4035 16140 42991
4036 16144 41154
4037 16148 43769
4038 16152 43499
4039 16156 43778
4040 16160 41132
4041 16164 44624
4042 16168 43852
4043 16172 42312
4044 16176 41931
4045 16180 44141
4046 16184 44226
4047 16188 44389
4048 16192 41142
4049 16196 43306
4050 16200 42668
4051 16204 44285
4052 16208 42784
4053 16212 42803
4054 16216 43596
4055 16220 43868
4056 16224 41807
4057 16228 43984
4058 16232 45449
4059 16236 44097
4060 16240 42372
4061 16244 44468
4062 16248 43969
4063 16252 43475
4064 16256 41587
4065 16260 43418
4066 16264 44053
4067 16268 43142
4068 16272 42970
4069 16276 43577
4070 16280 44532
4071 16284 44686
4072 16288 42656
4073 16292 44201
4074 16296 44665
4075 16300 42953
4076 16304 42324
4077 16308 44639
4078 16312 45202
4079 16316 43028
4080 16320 42817
4081 16324 45705
4082 16328 45342
4083 16332 45746
4084 16336 41795
4085 16340 44058
4086 16344 45832
4087 16348 43538
4088 16352 43736
4089 16356 45563
4090 16360 44109
4091 16364 44707
4092 16368 42905
4093 16372 43663
4094 16376 43761
4095 16380 45023
4096 16384 42191
4097 16388 47478
4098 16392 44231
4099 16396 44983
4100 16400 42999
4101 16404 44875
4102 16408 44833
4103 16412 47040
4104 16416 43272
4105 16420 45144
4106 16424 44344
4107 16428 44634
4108 16432 42326
4109 16436 44653
4110 16440 43476
4111 16444 43216
4112 16448 42571
4113 16452 44174
4114 16456 44761
4115 16460 44872
4116 16464 42636
4117 16468 43504
4118 16472 44872
4119 16476 44553
4120 16480 44935
4121 16484 44619
4122 16488 46161
4123 16492 44089
4124 16496 42319
4125 16500 46601
4126 16504 45483
4127 16508 47332
4128 16512 42708
4129 16516 45867
4130 16520 44948
4131 16524 45061
4132 16528 42652
4133 16532 43881
4134 16536 44990
4135 16540 44631
4136 16544 43801
4137 16548 46475
4138 16552 47651
4139 16556 45318
4140 16560 42241
4141 16564 44932
4142 16568 44671
4143 16572 44689
4144 16576 43643
4145 16580 46301
4146 16584 46203
4147 16588 44155
4148 16592 44197
4149 16596 46406
4150 16600 44205
4151 16604 49041
4152 16608 43752
4153 16612 44261
4154 16616 46086
4155 16620 44747
4156 16624 43376
4157 16628 45893
4158 16632 44560
4159 16636 44779
4160 16640 42803
4161 16644 46051
4162 16648 44660
4163 16652 46813
4164 16656 44264
4165 16660 44634
4166 16664 44004
4167 16668 46047
4168 16672 42693
4169 16676 44605
4170 16680 45284
4171 16684 45063
4172 16688 42454
4173 16692 46180
4174 16696 46100
4175 16700 44979
4176 16704 44230
4177 16708 44853
4178 16712 45119
4179 16716 47028
4180 16720 42854
4181 16724 46700
4182 16728 45625
4183 16732 45411
4184 16736 43641
4185 16740 44478
4186 16744 45267
4187 16748 44891
4188 16752 44040
4189 16756 45161
4190 16760 44950
4191 16764 46413
4192 16768 43134
4193 16772 46594
4194 16776 46643
4195 16780 44893
4196 16784 43728
4197 16788 46237
4198 16792 46429
4199 16796 46184
4200 16800 45496
4201 16804 45951
4202 16808 44870
4203 16812 47338
4204 16816 43891
4205 16820 46522
4206 16824 45828
4207 16828 46088
4208 16832 44969
4209 16836 47516
4210 16840 45139
4211 16844 46003
4212 16848 43425
4213 16852 48190
4214 16856 46892
4215 16860 46013
4216 16864 43452
4217 16868 48527
4218 16872 44274
4219 16876 46348
4220 16880 43698
4221 16884 46432
4222 16888 45416
4223 16892 45940
4224 16896 45966
4225 16900 47134
4226 16904 47508
4227 16908 46110
4228 16912 43590
4229 16916 46572
4230 16920 45427
4231 16924 47109
4232 16928 44571
4233 16932 45631
4234 16936 46079
4235 16940 46172
4236 16944 44896
4237 16948 47463
4238 16952 46886
4239 16956 45306
4240 16960 43085
4241 16964 44994
4242 16968 46088
4243 16972 44650
4244 16976 44354
4245 16980 46768
4246 16984 45919
4247 16988 45714
4248 16992 44479
4249 16996 47664
4250 17000 46359
4251 17004 47442
4252 17008 44349
4253 17012 46221
4254 17016 46904
4255 17020 47094
4256 17024 45927
4257 17028 48069
4258 17032 46890
4259 17036 46579
4260 17040 44730
4261 17044 45902
4262 17048 48085
4263 17052 45978
4264 17056 44707
4265 17060 46425
4266 17064 47286
4267 17068 46793
4268 17072 45214
4269 17076 47902
4270 17080 48421
4271 17084 46758
4272 17088 44425
4273 17092 46625
4274 17096 45439
4275 17100 46050
4276 17104 44859
4277 17108 46907
4278 17112 46340
4279 17116 47786
4280 17120 45302
4281 17124 46339
4282 17128 47673
4283 17132 46246
4284 17136 44964
4285 17140 47928
4286 17144 46275
4287 17148 46009
4288 17152 44863
4289 17156 46364
4290 17160 46073
4291 17164 46921
4292 17168 45422
4293 17172 48834
4294 17176 48953
4295 17180 46837
4296 17184 45305
4297 17188 46493
4298 17192 47640
4299 17196 46328
4300 17200 44403
4301 17204 46660
4302 17208 47504
4303 17212 46537
4304 17216 44377
4305 17220 48330
4306 17224 47877
4307 17228 50476
4308 17232 45312
4309 17236 47031
4310 17240 46865
4311 17244 48466
4312 17248 45519
4313 17252 47141
4314 17256 47285
4315 17260 46837
4316 17264 45288
4317 17268 46759
4318 17272 46605
4319 17276 47107
4320 17280 46101
4321 17284 46777
4322 17288 47497
4323 17292 46325
4324 17296 45066
4325 17300 47203
4326 17304 46438
4327 17308 46281
4328 17312 45272
4329 17316 47810
4330 17320 49578
4331 17324 46414
4332 17328 46368
4333 17332 48108
4334 17336 47416
4335 17340 47767
4336 17344 45362
4337 17348 47237
4338 17352 48347
4339 17356 47276
4340 17360 45847
4341 17364 49306
4342 17368 49055
4343 17372 47664
4344 17376 45976
4345 17380 49953
4346 17384 48444
4347 17388 47349
4348 17392 45478
4349 17396 47269
4350 17400 48151
4351 17404 47880
4352 17408 45924
4353 17412 47498
4354 17416 49098
4355 17420 48453
4356 17424 49633
4357 17428 47600
4358 17432 47158
4359 17436 48554
4360 17440 45267
4361 17444 47778
4362 17448 47346
4363 17452 47099
4364 17456 45296
4365 17460 49198
4366 17464 48063
4367 17468 48882
4368 17472 45019
4369 17476 47201
4370 17480 47699
4371 17484 49341
4372 17488 47107
4373 17492 47499
4374 17496 49832
4375 17500 49609
4376 17504 46119
4377 17508 48847
4378 17512 47885
4379 17516 47180
4380 17520 45250
4381 17524 47934
4382 17528 48678
4383 17532 47996
4384 17536 46161
4385 17540 48961
4386 17544 48574
4387 17548 48057
4388 17552 46610
4389 17556 47193
4390 17560 48291
4391 17564 49120
4392 17568 47490
4393 17572 49756
4394 17576 48432
4395 17580 49203
4396 17584 46024
4397 17588 47804
4398 17592 49972
4399 17596 49048
4400 17600 47388
4401 17604 48598
4402 17608 47740
4403 17612 49343
4404 17616 46138
4405 17620 48501
4406 17624 48573
4407 17628 46897
4408 17632 45523
4409 17636 50146
4410 17640 48411
4411 17644 48526
4412 17648 46596
4413 17652 48799
4414 17656 47639
4415 17660 48957
4416 17664 45616
4417 17668 48259
4418 17672 49322
4419 17676 49178
4420 17680 46553
4421 17684 49661
4422 17688 47317
4423 17692 48212
4424 17696 46637
4425 17700 50135
4426 17704 50558
4427 17708 47285
4428 17712 46658
4429 17716 50999
4430 17720 49575
4431 17724 49939
4432 17728 47497
4433 17732 47506
4434 17736 48798
4435 17740 49972
4436 17744 47878
4437 17748 48440
4438 17752 50525
4439 17756 48638
4440 17760 46488
4441 17764 49104
4442 17768 50146
4443 17772 48180
4444 17776 47204
4445 17780 48147
4446 17784 48797
4447 17788 48731
4448 17792 47953
4449 17796 47803
4450 17800 50675
4451 17804 49338
4452 17808 46741
4453 17812 49908
4454 17816 49661
4455 17820 49682
4456 17824 46691
4457 17828 50537
4458 17832 49885
4459 17836 50345
4460 17840 46857
4461 17844 47919
4462 17848 48910
4463 17852 49095
4464 17856 46763
4465 17860 48798
4466 17864 49723
4467 17868 48204
4468 17872 47238
4469 17876 49500
4470 17880 50351
4471 17884 48688
4472 17888 48764
4473 17892 50727
4474 17896 48560
4475 17900 48412
4476 17904 47119
4477 17908 49770
4478 17912 48916
4479 17916 48575
4480 17920 46735
4481 17924 48801
4482 17928 51010
4483 17932 48964
4484 17936 47393
4485 17940 48720
4486 17944 50346
4487 17948 48639
4488 17952 46803
4489 17956 48628
4490 17960 48462
4491 17964 48776
4492 17968 47424
4493 17972 49741
4494 17976 48713
4495 17980 50059
4496 17984 48022
4497 17988 49809
4498 17992 48885
4499 17996 51590
4500 18000 47420
4501 18004 49947
4502 18008 50525
4503 18012 51530
4504 18016 47313
4505 18020 50554
4506 18024 49007
4507 18028 49275
4508 18032 47027
4509 18036 50484
4510 18040 49625
4511 18044 49364
4512 18048 47368
4513 18052 49517
4514 18056 49984
4515 18060 50195
4516 18064 47607
4517 18068 49359
4518 18072 49766
4519 18076 49682
4520 18080 47966
4521 18084 49084
4522 18088 49128
4523 18092 51636
4524 18096 47924
4525 18100 49981
4526 18104 48578
4527 18108 49131
4528 18112 48042
4529 18116 48990
4530 18120 50566
4531 18124 51070
4532 18128 48986
4533 18132 51777
4534 18136 49342
4535 18140 51523
4536 18144 47467
4537 18148 49915
4538 18152 50715
4539 18156 49935
4540 18160 48059
4541 18164 49074
4542 18168 50708
4543 18172 49042
4544 18176 47938
4545 18180 52952
4546 18184 49519
4547 18188 49037
4548 18192 48452
4549 18196 50142
4550 18200 49566
4551 18204 50931
4552 18208 48716
4553 18212 49049
4554 18216 51474
4555 18220 50318
4556 18224 48085
4557 18228 50597
4558 18232 49469
4559 18236 51411
4560 18240 48445
4561 18244 50722
4562 18248 51895
4563 18252 50924
4564 18256 48577
4565 18260 49536
4566 18264 50693
4567 18268 51910
4568 18272 48777
4569 18276 51332
4570 18280 49328
4571 18284 51537
4572 18288 48100
4573 18292 50783
4574 18296 50044
4575 18300 51387
4576 18304 49378
4577 18308 49716
4578 18312 49610
4579 18316 50952
4580 18320 48578
4581 18324 51839
4582 18328 50414
4583 18332 49459
4584 18336 49732
4585 18340 52712
4586 18344 53139
4587 18348 51100
4588 18352 49044
4589 18356 52943
4590 18360 52873
4591 18364 52083
4592 18368 49092
4593 18372 50684
4594 18376 50532
4595 18380 52586
4596 18384 48993
4597 18388 50175
4598 18392 51069
4599 18396 51046
4600 18400 49482
4601 18404 50650
4602 18408 50731
4603 18412 51460
4604 18416 48400
4605 18420 50931
4606 18424 52072
4607 18428 49829
4608 18432 49209
4609 18436 50446
4610 18440 51580
4611 18444 51137
4612 18448 48825
4613 18452 52992
4614 18456 51064
4615 18460 51809
4616 18464 49049
4617 18468 51587
4618 18472 51450
4619 18476 51374
4620 18480 49464
4621 18484 51213
4622 18488 52583
4623 18492 50728
4624 18496 49040
4625 18500 52384
4626 18504 55461
4627 18508 51003
4628 18512 50430
4629 18516 51453
4630 18520 50117
4631 18524 52699
4632 18528 49788
4633 18532 49975
4634 18536 52708
4635 18540 50667
4636 18544 49999
4637 18548 52067
4638 18552 51135
4639 18556 50995
4640 18560 48611
4641 18564 51261
4642 18568 51915
4643 18572 49865
4644 18576 48529
4645 18580 53131
4646 18584 51749
4647 18588 54590
4648 18592 49459
4649 18596 52278
4650 18600 50545
4651 18604 51688
4652 18608 48836
4653 18612 51633
4654 18616 50710
4655 18620 53367
4656 18624 49913
4657 18628 51538
4658 18632 53450
4659 18636 52615
4660 18640 50415
4661 18644 52662
4662 18648 51904
4663 18652 52890
4664 18656 49580
4665 18660 53387
4666 18664 51247
4667 18668 52875
4668 18672 49290
4669 18676 51411
4670 18680 52990
4671 18684 51309
4672 18688 49741
4673 18692 51531
4674 18696 53123
4675 18700 51996
4676 18704 48934
4677 18708 50729
4678 18712 50303
4679 18716 51654
4680 18720 49122
4681 18724 51649
4682 18728 50433
4683 18732 52687
4684 18736 50133
4685 18740 51996
4686 18744 52780
4687 18748 52277
4688 18752 49189
4689 18756 51797
4690 18760 52255
4691 18764 53279
4692 18768 49241
4693 18772 52498
4694 18776 51185
4695 18780 50818
4696 18784 50171
4697 18788 51508
4698 18792 52189
4699 18796 52241
4700 18800 51084
4701 18804 54055
4702 18808 52861
4703 18812 52645
4704 18816 50010
4705 18820 53345
4706 18824 52583
4707 18828 52409
4708 18832 49438
4709 18836 52754
4710 18840 54993
4711 18844 53021
4712 18848 50014
4713 18852 52357
4714 18856 51677
4715 18860 52048
4716 18864 51011
4717 18868 52902
4718 18872 52813
4719 18876 55004
4720 18880 49711
4721 18884 52187
4722 18888 51189
4723 18892 51932
4724 18896 50453
4725 18900 53148
4726 18904 52504
4727 18908 52224
4728 18912 51093
4729 18916 52000
4730 18920 52110
4731 18924 51603
4732 18928 50240
4733 18932 53225
4734 18936 54231
4735 18940 51974
4736 18944 50577
4737 18948 52072
4738 18952 51220
4739 18956 51631
4740 18960 50679
4741 18964 51313
4742 18968 52726
4743 18972 52696
4744 18976 50497
4745 18980 53842
4746 18984 51942
4747 18988 52429
4748 18992 50328
4749 18996 53599
4750 19000 53501
4751 19004 54089
4752 19008 50777
4753 19012 52555
4754 19016 52525
4755 19020 53544
4756 19024 51258
4757 19028 53954
4758 19032 53608
4759 19036 52612
4760 19040 50036
4761 19044 52703
4762 19048 53704
4763 19052 51839
4764 19056 51870
4765 19060 53182
4766 19064 52361
4767 19068 52587
4768 19072 50210
4769 19076 52850
4770 19080 52224
4771 19084 52668
4772 19088 49871
4773 19092 51779
4774 19096 52194
4775 19100 54499
4776 19104 51556
4777 19108 54459
4778 19112 52279
4779 19116 53548
4780 19120 52173
4781 19124 52945
4782 19128 52564
4783 19132 53523
4784 19136 51722
4785 19140 54954
4786 19144 51529
4787 19148 52664
4788 19152 51398
4789 19156 53436
4790 19160 55174
4791 19164 54112
4792 19168 51198
4793 19172 53205
4794 19176 52754
4795 19180 54711
4796 19184 51546
4797 19188 54500
4798 19192 52589
4799 19196 53205
4800 19200 50782
4801 19204 56483
4802 19208 53978
4803 19212 53736
4804 19216 51225
4805 19220 53490
4806 19224 53817
4807 19228 53700
4808 19232 51486
4809 19236 53072
4810 19240 54901
4811 19244 52907
4812 19248 51492
4813 19252 52370
4814 19256 53599
4815 19260 54802
4816 19264 52514
4817 19268 53042
4818 19272 52960
4819 19276 53733
4820 19280 51434
4821 19284 55018
4822 19288 53751
4823 19292 56399
4824 19296 51590
4825 19300 53227
4826 19304 53668
4827 19308 52649
4828 19312 51341
4829 19316 54354
4830 19320 55001
4831 19324 53582
4832 19328 52967
4833 19332 54894
4834 19336 56141
4835 19340 54003
4836 19344 51035
4837 19348 53374
4838 19352 53990
4839 19356 55282
4840 19360 51230
4841 19364 53198
4842 19368 52789
4843 19372 53824
4844 19376 52940
4845 19380 53187
4846 19384 56487
4847 19388 54973
4848 19392 52472
4849 19396 53927
4850 19400 54191
4851 19404 53838
4852 19408 53271
4853 19412 55799
4854 19416 54676
4855 19420 53756
4856 19424 51910
4857 19428 52620
4858 19432 54208
4859 19436 54165
4860 19440 52141
4861 19444 54844
4862 19448 53593
4863 19452 53947
4864 19456 52725
4865 19460 53173
4866 19464 53152
4867 19468 57012
4868 19472 53191
4869 19476 53786
4870 19480 55607
4871 19484 54894
4872 19488 52524
4873 19492 54668
4874 19496 54163
4875 19500 58297
4876 19504 52315
4877 19508 55188
4878 19512 56415
4879 19516 54660
4880 19520 52851
4881 19524 53462
4882 19528 54551
4883 19532 54788
4884 19536 52043
4885 19540 54346
4886 19544 54484
4887 19548 55363
4888 19552 52789
4889 19556 54644
4890 19560 54325
4891 19564 55878
4892 19568 53294
4893 19572 54783
4894 19576 55115
4895 19580 54548
4896 19584 52766
4897 19588 54891
4898 19592 54085
4899 19596 56683
4900 19600 53495
4901 19604 54888
4902 19608 53686
4903 19612 54442
4904 19616 51856
4905 19620 55322
4906 19624 54380
4907 19628 55116
4908 19632 52903
4909 19636 53525
4910 19640 53905
4911 19644 53684
4912 19648 52787
4913 19652 56631
4914 19656 55979
4915 19660 54283
4916 19664 52477
4917 19668 54441
4918 19672 55052
4919 19676 54543
4920 19680 52818
4921 19684 55735
4922 19688 54299
4923 19692 56452
4924 19696 53008
4925 19700 54166
4926 19704 55323
4927 19708 55166
4928 19712 52524
4929 19716 54387
4930 19720 55483
4931 19724 54241
4932 19728 53696
4933 19732 55724
4934 19736 55528
4935 19740 56853
4936 19744 53399
4937 19748 57281
4938 19752 56644
4939 19756 54397
4940 19760 52572
4941 19764 56818
4942 19768 54368
4943 19772 54378
4944 19776 53809
4945 19780 54697
4946 19784 57156
4947 19788 54441
4948 19792 53714
4949 19796 54855
4950 19800 57530
4951 19804 55294
4952 19808 55225
4953 19812 55150
4954 19816 57302
4955 19820 56669
4956 19824 52547
4957 19828 56847
4958 19832 55825
4959 19836 54630
4960 19840 53024
4961 19844 54921
4962 19848 56611
4963 19852 55457
4964 19856 53404
4965 19860 54755
4966 19864 56237
4967 19868 55311
4968 19872 55016
4969 19876 56432
4970 19880 56540
4971 19884 55308
4972 19888 53785
4973 19892 55125
4974 19896 55194
4975 19900 55401
4976 19904 53366
4977 19908 56235
4978 19912 58786
4979 19916 56932
4980 19920 53708
4981 19924 57034
4982 19928 56282
4983 19932 57476
4984 19936 53678
4985 19940 54456
4986 19944 56536
4987 19948 55394
4988 19952 54365
4989 19956 55166
4990 19960 56262
4991 19964 55504
4992 19968 53913
4993 19972 57678
4994 19976 54868
4995 19980 56528
4996 19984 53939
4997 19988 56473
4998 19992 55627
4999 19996 54835
5000 20000 53504
