1 4 0
2 8 0
3 12 0
4 16 1
5 20 2
6 24 4
7 28 6
8 32 7
9 36 6
10 40 11
11 44 12
12 48 15
13 52 17
14 56 17
15 60 22
16 64 23
17 68 28
18 72 32
19 76 27
20 80 36
21 84 40
22 88 45
23 92 45
24 96 63
25 100 69
26 104 66
27 108 73
28 112 72
29 116 79
30 120 63
31 124 98
32 128 97
33 132 109
34 136 100
35 140 100
36 144 115
37 148 110
38 152 136
39 156 133
40 160 153
41 164 155
42 168 160
43 172 123
44 176 178
45 180 189
46 184 153
47 188 199
48 192 217
49 196 239
50 200 228
51 204 215
52 208 197
53 212 234
54 216 226
55 220 264
56 224 240
57 228 295
58 232 345
59 236 296
60 240 286
61 244 339
62 248 359
63 252 358
64 256 353
65 260 369
66 264 418
67 268 431
68 272 382
69 276 395
70 280 404
71 284 406
72 288 447
73 292 439
74 296 490
75 300 512
76 304 479
77 308 545
78 312 499
79 316 548
80 320 530
81 324 530
82 328 511
83 332 584
84 336 620
85 340 556
86 344 594
87 348 618
88 352 622
89 356 697
90 360 674
91 364 656
92 368 698
93 372 739
94 376 800
95 380 755
96 384 819
97 388 795
98 392 866
99 396 887
100 400 901
101 404 914
102 408 954
103 412 910
104 416 971
105 420 978
106 424 971
107 428 1047
108 432 944
109 436 933
110 440 937
111 444 1260
112 448 1158
113 452 1185
114 456 1103
115 460 1149
116 464 1077
117 468 1089
118 472 1141
119 476 1208
120 480 1237
121 484 1126
122 488 1366
123 492 1419
124 496 1398
125 500 1352
126 504 1286
127 508 1393
128 512 1350
129 516 1475
130 520 1337
131 524 1495
132 528 1593
133 532 1506
134 536 1566
135 540 1663
136 544 1501
137 548 1429
138 552 1765
139 556 1727
140 560 1753
141 564 1655
142 568 1730
143 572 1696
144 576 1634
145 580 1776
146 584 1665
147 588 1810
148 592 1963
149 596 2077
150 600 1956
151 604 1938
152 608 2110
153 612 1999
154 616 2210
155 620 2277
156 624 1910
157 628 2058
158 632 2134
159 636 2223
160 640 2197
161 644 2088
162 648 2194
163 652 2178
164 656 2250
165 660 2346
166 664 2535
167 668 2359
168 672 2366
169 676 2373
170 680 2695
171 684 2212
172 688 2695
173 692 2557
174 696 2690
175 700 2196
176 704 2809
177 708 2608
178 712 2389
179 716 2756
180 720 2737
181 724 2958
182 728 2840
183 732 2815
184 736 2873
185 740 2948
186 744 2956
187 748 3080
188 752 3043
189 756 3052
190 760 3279
191 764 3345
192 768 3120
193 772 3312
194 776 3148
195 780 3213
196 784 3047
197 788 3074
198 792 3470
199 796 3274
200 800 3269
201 804 3210
202 808 3449
203 812 3473
204 816 3436
205 820 3861
206 824 3589
207 828 3490
208 832 3399
209 836 4160
210 840 3547
211 844 3739
212 848 3410
213 852 3620
214 856 4164
215 860 3780
216 864 3678
217 868 4207
218 872 3960
219 876 3788
220 880 3993
221 884 4152
222 888 4056
223 892 4262
224 896 4553
225 900 4416
226 904 4124
227 908 4286
228 912 4409
229 916 4212
230 920 4575
231 924 4461
232 928 4364
233 932 4787
234 936 4615
235 940 4382
236 944 4761
237 948 4809
238 952 4999
239 956 4841
240 960 4804
241 964 5112
242 968 4948
243 972 4806
244 976 4992
245 980 4970
246 984 5144
247 988 5029
248 992 5258
249 996 5125
250 1000 5386
251 1004 5271
252 1008 5045
253 1012 5658
254 1016 5537
255 1020 5502
256 1024 5430
257 1028 5745
258 1032 5202
259 1036 5859
260 1040 5434
261 1044 5219
262 1048 6021
263 1052 5877
264 1056 6172
265 1060 5705
266 1064 5939
267 1068 5886
268 1072 5592
269 1076 5808
270 1080 6225
271 1084 6196
272 1088 6230
273 1092 5662
274 1096 6624
275 1100 6505
276 1104 6285
277 1108 7034
278 1112 6724
279 1116 6570
280 1120 6674
281 1124 6296
282 1128 6943
283 1132 6656
284 1136 6867
285 1140 6893
286 1144 7373
287 1148 6799
288 1152 7098
289 1156 6711
290 1160 7497
291 1164 6656
292 1168 7218
293 1172 7591
294 1176 7246
295 1180 6657
296 1184 7012
297 1188 7024
298 1192 7656
299 1196 7582
300 1200 7496
301 1204 7539
302 1208 7823
303 1212 8234
304 1216 8155
305 1220 7837
306 1224 8084
307 1228 8210
308 1232 8324
309 1236 7838
310 1240 8171
311 1244 8283
312 1248 8351
313 1252 8315
314 1256 8385
315 1260 8896
316 1264 8505
317 1268 7933
318 1272 8439
319 1276 8453
320 1280 9119
321 1284 8746
322 1288 8884
323 1292 9020
324 1296 8830
325 1300 8522
326 1304 9060
327 1308 8715
328 1312 9343
329 1316 8688
330 1320 9333
331 1324 9133
332 1328 9593
333 1332 9119
334 1336 9825
335 1340 9529
336 1344 9829
337 1348 9793
338 1352 9781
339 1356 9653
340 1360 9554
341 1364 9959
342 1368 8985
343 1372 9809
344 1376 9480
345 1380 9686
346 1384 9769
347 1388 10376
348 1392 10132
349 1396 10388
350 1400 10747
351 1404 10481
352 1408 10387
353 1412 10674
354 1416 10540
355 1420 11051
356 1424 9918
357 1428 11221
358 1432 11152
359 1436 11179
360 1440 11079
361 1444 11355
362 1448 9795
363 1452 10837
364 1456 11846
365 1460 11335
366 1464 10773
367 1468 10721
368 1472 11323
369 1476 11427
370 1480 10990
371 1484 12314
372 1488 10935
373 1492 11859
374 1496 11313
375 1500 12125
376 1504 11475
377 1508 12475
378 1512 11809
379 1516 12237
380 1520 12811
381 1524 12642
382 1528 12052
383 1532 12537
384 1536 12376
385 1540 12935
386 1544 13030
387 1548 12869
388 1552 12963
389 1556 12879
390 1560 11983
391 1564 12417
392 1568 13630
393 1572 13769
394 1576 12511
395 1580 12515
396 1584 13569
397 1588 12390
398 1592 13120
399 1596 13866
400 1600 13142
401 1604 12952
402 1608 13364
403 1612 13784
404 1616 14165
405 1620 14291
406 1624 13730
407 1628 14535
408 1632 13955
409 1636 14009
410 1640 14709
411 1644 14478
412 1648 14837
413 1652 15111
414 1656 14152
415 1660 13917
416 1664 14750
417 1668 14861
418 1672 14997
419 1676 14937
420 1680 14733
421 1684 14159
422 1688 15346
423 1692 14610
424 1696 15550
425 1700 15278
426 1704 15870
427 1708 15656
428 1712 15337
429 1716 15487
430 1720 16383
431 1724 15287
432 1728 16396
433 1732 15090
434 1736 15982
435 1740 16325
436 1744 16061
437 1748 16230
438 1752 16109
439 1756 16141
440 1760 15610
441 1764 15986
442 1768 17329
443 1772 16252
444 1776 17098
445 1780 16988
446 1784 17435
447 1788 16576
448 1792 16183
449 1796 16666
450 1800 16667
451 1804 17231
452 1808 17787
453 1812 17375
454 1816 17933
455 1820 16905
456 1824 17141
457 1828 18104
458 1832 16647
459 1836 17138
460 1840 17678
461 1844 17722
462 1848 17480
463 1852 18320
464 1856 17975
465 1860 18155
466 1864 18130
467 1868 18084
468 1872 18246
469 1876 18749
470 1880 19152
471 1884 18472
472 1888 18748
473 1892 19329
474 1896 19020
475 1900 17593
476 1904 18458
477 1908 19247
478 1912 19318
479 1916 19618
480 1920 19005
481 1924 19549
482 1928 19600
483 1932 18815
484 1936 19831
485 1940 19526
486 1944 19189
487 1948 18819
488 1952 20057
489 1956 19553
490 1960 20361
491 1964 20144
492 1968 20604
493 1972 20583
494 1976 19870
495 1980 21175
496 1984 20617
497 1988 21058
498 1992 20474
499 1996 21150
500 2000 20981
501 2004 21509
502 2008 20845
503 2012 20599
504 2016 22825
505 2020 20484
506 2024 20340
507 2028 21924
508 2032 21028
509 2036 21383
510 2040 21591
511 2044 20840
512 2048 21862
513 2052 22310
514 2056 22196
515 2060 21883
516 2064 22541
517 2068 22203
518 2072 23424
519 2076 22509
520 2080 23251
521 2084 23055
522 2088 23328
523 2092 23218
524 2096 23406
525 2100 22417
526 2104 24214
527 2108 22975
528 2112 24033
529 2116 23943
530 2120 23011
531 2124 23773
532 2128 23194
533 2132 23783
534 2136 24496
535 2140 24532
536 2144 24374
537 2148 23389
538 2152 24100
539 2156 24356
540 2160 24160
541 2164 26464
542 2168 25014
543 2172 25169
544 2176 25144
545 2180 24352
546 2184 25572
547 2188 25146
548 2192 25578
549 2196 26169
550 2200 25851
551 2204 26329
552 2208 25862
553 2212 25893
554 2216 25493
555 2220 24826
556 2224 26805
557 2228 26496
558 2232 26337
559 2236 25082
560 2240 25927
561 2244 26095
562 2248 26733
563 2252 25566
564 2256 26325
565 2260 28489
566 2264 26710
567 2268 26366
568 2272 27959
569 2276 27653
570 2280 26290
571 2284 27784
572 2288 27352
573 2292 27922
574 2296 26476
575 2300 26777
576 2304 28404
577 2308 27943
578 2312 27697
579 2316 26188
580 2320 27361
581 2324 28153
582 2328 28456
583 2332 28881
584 2336 29871
585 2340 28427
586 2344 28847
587 2348 29479
588 2352 28737
589 2356 29329
590 2360 28185
591 2364 28303
592 2368 29160
593 2372 29300
594 2376 30176
595 2380 28979
596 2384 29972
597 2388 30057
598 2392 30079
599 2396 31106
600 2400 30341
601 2404 30697
602 2408 29138
603 2412 30301
604 2416 30379
605 2420 30066
606 2424 30559
607 2428 31023
608 2432 31365
609 2436 30637
610 2440 29859
611 2444 31475
612 2448 31704
613 2452 30976
614 2456 32117
615 2460 32628
616 2464 31710
617 2468 32611
618 2472 31851
619 2476 32419
620 2480 32057
621 2484 32101
622 2488 31981
623 2492 32260
624 2496 32904
625 2500 33101
626 2504 32770
627 2508 33518
628 2512 32433
629 2516 32216
630 2520 34542
631 2524 32664
632 2528 33814
633 2532 33437
634 2536 32456
635 2540 34325
636 2544 34162
637 2548 33992
638 2552 32713
639 2556 33964
640 2560 35062
641 2564 34413
642 2568 32532
643 2572 36343
644 2576 35163
645 2580 35026
646 2584 34819
647 2588 34399
648 2592 34683
649 2596 34804
650 2600 35264
651 2604 35781
652 2608 35409
653 2612 36312
654 2616 36032
655 2620 38737
656 2624 36888
657 2628 35954
658 2632 36124
659 2636 36347
660 2640 36208
661 2644 37590
662 2648 35331
663 2652 36596
664 2656 37536
665 2660 37184
666 2664 37463
667 2668 38772
668 2672 35444
669 2676 36748
670 2680 38153
671 2684 37690
672 2688 39795
673 2692 38821
674 2696 38173
675 2700 37650
676 2704 38477
677 2708 37220
678 2712 40050
679 2716 37467
680 2720 37263
681 2724 38084
682 2728 38116
683 2732 38012
684 2736 38906
685 2740 38879
686 2744 39226
687 2748 39707
688 2752 40197
689 2756 40351
690 2760 38585
691 2764 39771
692 2768 40910
693 2772 42153
694 2776 39554
695 2780 40498
696 2784 40152
697 2788 39437
698 2792 41449
699 2796 41008
700 2800 41281
701 2804 39060
702 2808 39802
703 2812 40484
704 2816 42059
705 2820 42974
706 2824 42085
707 2828 41087
708 2832 43600
709 2836 42625
710 2840 43389
711 2844 40681
712 2848 42287
713 2852 41837
714 2856 43844
715 2860 43168
716 2864 42457
717 2868 43291
718 2872 43467
719 2876 44430
720 2880 44361
721 2884 43167
722 2888 43307
723 2892 41639
724 2896 44910
725 2900 42815
726 2904 45720
727 2908 44332
728 2912 43802
729 2916 44412
730 2920 46274
731 2924 46114
732 2928 44989
733 2932 42981
734 2936 44714
735 2940 43288
736 2944 44833
737 2948 47562
738 2952 44313
739 2956 45593
740 2960 46767
741 2964 46567
742 2968 46577
743 2972 45954
744 2976 46083
745 2980 45847
746 2984 46850
747 2988 44905
748 2992 48879
749 2996 50299
750 3000 48073
751 3004 47557
752 3008 47314
753 3012 46238
754 3016 45962
755 3020 47798
756 3024 48358
757 3028 46638
758 3032 49196
759 3036 46944
760 3040 47912
761 3044 48802
762 3048 49277
763 3052 50552
764 3056 50585
765 3060 50038
766 3064 50738
767 3068 51236
768 3072 48970
769 3076 49510
770 3080 50315
771 3084 50046
772 3088 49267
773 3092 49539
774 3096 52462
775 3100 52374
776 3104 51107
777 3108 51409
778 3112 52694
779 3116 48688
780 3120 51185
781 3124 52555
782 3128 52292
783 3132 51155
784 3136 51588
785 3140 50631
786 3144 52844
787 3148 52465
788 3152 49900
789 3156 50957
790 3160 52251
791 3164 52717
792 3168 51738
793 3172 53200
794 3176 52636
795 3180 54157
796 3184 54717
797 3188 52252
798 3192 54221
799 3196 54367
800 3200 53166
801 3204 52673
802 3208 53386
803 3212 54466
804 3216 54191
805 3220 53119
806 3224 53931
807 3228 57020
808 3232 55831
809 3236 55393
810 3240 53741
811 3244 56043
812 3248 56429
813 3252 55036
814 3256 54945
815 3260 57916
816 3264 57528
817 3268 53518
818 3272 55432
819 3276 57618
820 3280 57115
821 3284 55253
822 3288 57724
823 3292 56616
824 3296 57708
825 3300 55722
826 3304 56196
827 3308 58070
828 3312 57399
829 3316 58501
830 3320 58908
831 3324 58346
832 3328 57313
833 3332 58650
834 3336 58880
835 3340 58465
836 3344 56827
837 3348 58472
838 3352 58890
839 3356 59060
840 3360 61555
841 3364 58073
842 3368 57928
843 3372 57307
844 3376 59192
845 3380 58128
846 3384 59242
847 3388 60991
848 3392 61845
849 3396 58844
850 3400 64032
851 3404 60472
852 3408 61189
853 3412 61924
854 3416 60837
855 3420 60231
856 3424 61138
857 3428 62277
858 3432 62934
859 3436 61359
860 3440 64051
861 3444 60857
862 3448 62786
863 3452 63046
864 3456 62164
865 3460 61464
866 3464 60043
867 3468 62006
868 3472 65110
869 3476 62128
870 3480 61839
871 3484 62025
872 3488 63587
873 3492 61883
874 3496 64863
875 3500 66810
876 3504 63113
877 3508 66014
878 3512 63429
879 3516 64239
880 3520 65706
881 3524 64517
882 3528 67711
883 3532 64027
884 3536 64558
885 3540 65623
886 3544 64036
887 3548 67503
888 3552 66995
889 3556 68302
890 3560 65877
891 3564 68083
892 3568 66557
893 3572 66102
894 3576 64579
895 3580 68276
896 3584 66490
897 3588 69694
898 3592 68284
899 3596 67154
900 3600 65588
901 3604 68349
902 3608 69307
903 3612 67421
904 3616 67743
905 3620 68627
906 3624 66665
907 3628 68565
908 3632 71384
909 3636 71338
910 3640 70982
911 3644 69626
912 3648 69005
913 3652 71072
914 3656 68632
915 3660 69722
916 3664 71901
917 3668 69264
918 3672 71043
919 3676 71317
920 3680 70705
921 3684 69918
922 3688 70806
923 3692 73097
924 3696 73903
925 3700 70765
926 3704 70002
927 3708 71006
928 3712 72513
929 3716 72215
930 3720 70506
931 3724 73435
932 3728 72973
933 3732 74075
934 3736 74583
935 3740 74482
936 3744 70863
937 3748 74267
938 3752 73882
939 3756 73848
940 3760 71874
941 3764 76192
942 3768 74222
943 3772 76695
944 3776 75558
945 3780 74333
946 3784 73414
947 3788 72570
948 3792 72139
949 3796 74072
950 3800 75414
951 3804 72778
952 3808 76988
953 3812 75648
954 3816 75463
955 3820 75188
956 3824 76169
957 3828 78248
958 3832 76079
959 3836 75773
960 3840 78359
961 3844 74253
962 3848 79947
963 3852 75858
964 3856 75911
965 3860 75892
966 3864 76723
967 3868 78407
968 3872 79513
969 3876 78910
970 3880 78513
971 3884 79773
972 3888 76578
973 3892 79535
974 3896 79900
975 3900 81197
976 3904 81043
977 3908 81453
978 3912 79127
979 3916 79605
980 3920 80327
981 3924 78338
982 3928 79555
983 3932 78100
984 3936 78349
985 3940 82355
986 3944 82255
987 3948 83558
988 3952 81814
989 3956 83433
990 3960 82270
991 3964 81542
992 3968 81957
993 3972 83927
994 3976 83478
995 3980 86157
996 3984 84515
997 3988 83300
998 3992 84116
999 3996 83469
1000 4000 82148
1001 4004 83627
1002 4008 82762
1003 4012 85030
1004 4016 85112
1005 4020 82676
1006 4024 82675
1007 4028 81809
1008 4032 85039
1009 4036 86044
1010 4040 85719
1011 4044 85519
1012 4048 86502
1013 4052 82379
1014 4056 86691
1015 4060 86005
1016 4064 87187
1017 4068 86731
1018 4072 87955
1019 4076 87932
1020 4080 89215
1021 4084 88255
1022 4088 85433
1023 4092 87310
1024 4096 89158
1025 4100 88040
1026 4104 90560
1027 4108 87790
1028 4112 88815
1029 4116 87751
1030 4120 89686
1031 4124 89918
1032 4128 90878
1033 4132 90784
1034 4136 91871
1035 4140 91253
1036 4144 90144
1037 4148 92451
1038 4152 92997
1039 4156 89402
1040 4160 91377
1041 4164 89273
1042 4168 90766
1043 4172 89288
1044 4176 92048
1045 4180 91706
1046 4184 91305
1047 4188 91149
1048 4192 91496
1049 4196 93445
1050 4200 93067
1051 4204 93444
1052 4208 93788
1053 4212 92482
1054 4216 91494
1055 4220 87517
1056 4224 94986
1057 4228 90347
1058 4232 94528
1059 4236 91887
1060 4240 92883
1061 4244 94096
1062 4248 93580
1063 4252 94111
1064 4256 93597
1065 4260 95506
1066 4264 94867
1067 4268 96606
1068 4272 96272
1069 4276 94931
1070 4280 94138
1071 4284 92354
1072 4288 95899
1073 4292 96916
1074 4296 95604
1075 4300 97044
1076 4304 98083
1077 4308 97268
1078 4312 94290
1079 4316 94942
1080 4320 98343
1081 4324 99584
1082 4328 100138
1083 4332 95855
1084 4336 100340
1085 4340 99434
1086 4344 94324
1087 4348 94941
1088 4352 98211
1089 4356 97034
1090 4360 96585
1091 4364 101338
1092 4368 99423
1093 4372 100031
1094 4376 99050
1095 4380 101058
1096 4384 103418
1097 4388 103675
1098 4392 99912
1099 4396 101166
1100 4400 103776
1101 4404 101808
1102 4408 101918
1103 4412 100649
1104 4416 104364
1105 4420 103361
1106 4424 102602
1107 4428 100667
1108 4432 104497
1109 4436 100685
1110 4440 105800
1111 4444 101499
1112 4448 104926
1113 4452 106998
1114 4456 105798
1115 4460 102872
1116 4464 105410
1117 4468 101898
1118 4472 106446
1119 4476 104156
1120 4480 107973
1121 4484 108180
1122 4488 107863
1123 4492 106069
1124 4496 100724
1125 4500 108000
1126 4504 104975
1127 4508 108176
1128 4512 100294
1129 4516 109711
1130 4520 109685
1131 4524 110142
1132 4528 106946
1133 4532 107710
1134 4536 109849
1135 4540 110109
1136 4544 109108
1137 4548 107419
1138 4552 108954
1139 4556 108068
1140 4560 106167
1141 4564 108416
1142 4568 108336
1143 4572 109200
1144 4576 109128
1145 4580 107805
1146 4584 109381
1147 4588 107949
1148 4592 107888
1149 4596 110194
1150 4600 109811
1151 4604 109999
1152 4608 113089
1153 4612 113804
1154 4616 110890
1155 4620 107254
1156 4624 112162
1157 4628 113280
1158 4632 111609
1159 4636 115794
1160 4640 115137
1161 4644 111870
1162 4648 113311
1163 4652 115258
1164 4656 115017
1165 4660 112394
1166 4664 112862
1167 4668 112815
1168 4672 114310
1169 4676 115768
1170 4680 119430
1171 4684 113519
1172 4688 114205
1173 4692 115725
1174 4696 114975
1175 4700 113572
1176 4704 117283
1177 4708 118527
1178 4712 116367
1179 4716 115690
1180 4720 118953
1181 4724 117555
1182 4728 115678
1183 4732 110924
1184 4736 116980
1185 4740 116541
1186 4744 116245
1187 4748 113619
1188 4752 113587
1189 4756 114263
1190 4760 118168
1191 4764 116893
1192 4768 117179
1193 4772 120862
1194 4776 121689
1195 4780 121162
1196 4784 119109
1197 4788 116027
1198 4792 120905
1199 4796 116466
1200 4800 120637
1201 4804 121626
1202 4808 123080
1203 4812 117177
1204 4816 122607
1205 4820 124826
1206 4824 121028
1207 4828 120825
1208 4832 121366
1209 4836 121231
1210 4840 122155
1211 4844 123787
1212 4848 125598
1213 4852 124091
1214 4856 120179
1215 4860 121051
1216 4864 126730
1217 4868 119117
1218 4872 124990
1219 4876 124693
1220 4880 120836
1221 4884 121770
1222 4888 125524
1223 4892 127484
1224 4896 125876
1225 4900 123457
1226 4904 124888
1227 4908 123797
1228 4912 129188
1229 4916 130727
1230 4920 125543
1231 4924 125797
1232 4928 123339
1233 4932 126590
1234 4936 126621
1235 4940 131889
1236 4944 124237
1237 4948 131764
1238 4952 128785
1239 4956 125421
1240 4960 131082
1241 4964 130120
1242 4968 130474
1243 4972 127126
1244 4976 131644
1245 4980 128631
1246 4984 131093
1247 4988 129442
1248 4992 133216
1249 4996 134741
1250 5000 131743
1251 5004 130095
1252 5008 127634
1253 5012 129404
1254 5016 128675
1255 5020 131002
1256 5024 132456
1257 5028 136894
1258 5032 134116
1259 5036 133319
1260 5040 137791
1261 5044 129244
1262 5048 134981
1263 5052 131595
1264 5056 134689
1265 5060 133716
1266 5064 135181
1267 5068 134395
1268 5072 135717
1269 5076 132338
1270 5080 134862
1271 5084 130912
1272 5088 139978
1273 5092 136802
1274 5096 135169
1275 5100 138870
1276 5104 136500
1277 5108 134958
1278 5112 140218
1279 5116 136496
1280 5120 136279
1281 5124 138055
1282 5128 136252
1283 5132 136284
1284 5136 137455
1285 5140 138285
1286 5144 139227
1287 5148 134067
1288 5152 138021
1289 5156 142618
1290 5160 140546
1291 5164 138056
1292 5168 137232
1293 5172 136754
1294 5176 139273
1295 5180 141533
1296 5184 137703
1297 5188 142040
1298 5192 139457
1299 5196 140980
1300 5200 142051
1301 5204 138035
1302 5208 144326
1303 5212 142961
1304 5216 142551
1305 5220 138642
1306 5224 140504
1307 5228 140455
1308 5232 143130
1309 5236 143085
1310 5240 142577
1311 5244 140314
1312 5248 139474
1313 5252 138045
1314 5256 146204
1315 5260 148243
1316 5264 144472
1317 5268 145424
1318 5272 143865
1319 5276 139327
1320 5280 148164
1321 5284 150659
1322 5288 145688
1323 5292 148952
1324 5296 146111
1325 5300 146151
1326 5304 145034
1327 5308 148372
1328 5312 146240
1329 5316 147905
1330 5320 147208
1331 5324 150471
1332 5328 149923
1333 5332 150378
1334 5336 147482
1335 5340 152143
1336 5344 149604
1337 5348 150237
1338 5352 150311
1339 5356 150210
1340 5360 158557
1341 5364 155587
1342 5368 153781
1343 5372 147544
1344 5376 152020
1345 5380 145879
1346 5384 146411
1347 5388 152133
1348 5392 157637
1349 5396 152474
1350 5400 147523
1351 5404 149531
1352 5408 156260
1353 5412 151882
1354 5416 156979
1355 5420 153397
1356 5424 149167
1357 5428 156391
1358 5432 151563
1359 5436 158120
1360 5440 152430
1361 5444 152686
1362 5448 151047
1363 5452 156411
1364 5456 157174
1365 5460 156489
1366 5464 150543
1367 5468 158853
1368 5472 157749
1369 5476 155332
1370 5480 157932
1371 5484 158918
1372 5488 156466
1373 5492 159146
1374 5496 160668
1375 5500 156767
1376 5504 156558
1377 5508 159327
1378 5512 160282
1379 5516 160859
1380 5520 161122
1381 5524 157334
1382 5528 158735
1383 5532 160287
1384 5536 162854
1385 5540 158126
1386 5544 157694
1387 5548 158231
1388 5552 157755
1389 5556 163207
1390 5560 158995
1391 5564 164267
1392 5568 159807
1393 5572 163684
1394 5576 160709
1395 5580 161307
1396 5584 161884
1397 5588 160995
1398 5592 163684
1399 5596 161868
1400 5600 159095
1401 5604 163804
1402 5608 164752
1403 5612 163608
1404 5616 167367
1405 5620 166625
1406 5624 164804
1407 5628 167807
1408 5632 166854
1409 5636 170584
1410 5640 165947
1411 5644 165681
1412 5648 165460
1413 5652 168550
1414 5656 161963
1415 5660 169954
1416 5664 164081
1417 5668 172361
1418 5672 166421
1419 5676 170877
1420 5680 167412
1421 5684 165864
1422 5688 172850
1423 5692 173532
1424 5696 171400
1425 5700 166675
1426 5704 165333
1427 5708 172068
1428 5712 174494
1429 5716 173035
1430 5720 171380
1431 5724 173471
1432 5728 166681
1433 5732 168716
1434 5736 173776
1435 5740 169699
1436 5744 171669
1437 5748 172897
1438 5752 175472
1439 5756 177764
1440 5760 173467
1441 5764 168723
1442 5768 169441
1443 5772 172559
1444 5776 180775
1445 5780 174101
1446 5784 169299
1447 5788 168528
1448 5792 178108
1449 5796 176453
1450 5800 172428
1451 5804 177419
1452 5808 173596
1453 5812 176466
1454 5816 178973
1455 5820 177182
1456 5824 179042
1457 5828 177316
1458 5832 180330
1459 5836 177247
1460 5840 174771
1461 5844 179074
1462 5848 182038
1463 5852 177687
1464 5856 178752
1465 5860 179552
1466 5864 177760
1467 5868 178340
1468 5872 179676
1469 5876 183979
1470 5880 180391
1471 5884 177888
1472 5888 183444
1473 5892 181545
1474 5896 178556
1475 5900 184100
1476 5904 177726
1477 5908 184525
1478 5912 185218
1479 5916 178487
1480 5920 183722
1481 5924 177531
1482 5928 186732
1483 5932 185540
1484 5936 181845
1485 5940 185051
1486 5944 189156
1487 5948 188224
1488 5952 189429
1489 5956 185871
1490 5960 184466
1491 5964 181234
1492 5968 181168
1493 5972 188776
1494 5976 183177
1495 5980 183392
1496 5984 190289
1497 5988 182947
1498 5992 186741
1499 5996 191618
1500 6000 193581
1501 6004 185158
1502 6008 188656
1503 6012 186944
1504 6016 193209
1505 6020 193818
1506 6024 186187
1507 6028 190531
1508 6032 187351
1509 6036 189560
1510 6040 194325
1511 6044 183935
1512 6048 187876
1513 6052 193455
1514 6056 187849
1515 6060 197328
1516 6064 198581
1517 6068 188527
1518 6072 183886
1519 6076 189736
1520 6080 188598
1521 6084 191095
1522 6088 191398
1523 6092 195318
1524 6096 193275
1525 6100 189707
1526 6104 193061
1527 6108 194476
1528 6112 195870
1529 6116 193563
1530 6120 191466
1531 6124 195255
1532 6128 194589
1533 6132 197821
1534 6136 193543
1535 6140 198572
1536 6144 196297
1537 6148 191719
1538 6152 199698
1539 6156 192905
1540 6160 194814
1541 6164 194984
1542 6168 203156
1543 6172 197880
1544 6176 202852
1545 6180 197960
1546 6184 198328
1547 6188 196052
1548 6192 204559
1549 6196 200416
1550 6200 202661
1551 6204 205891
1552 6208 199839
1553 6212 197469
1554 6216 205552
1555 6220 202494
1556 6224 208275
1557 6228 200444
1558 6232 202048
1559 6236 200003
1560 6240 207823
1561 6244 204923
1562 6248 203448
1563 6252 203376
1564 6256 201724
1565 6260 204070
1566 6264 200755
1567 6268 203403
1568 6272 201880
1569 6276 208912
1570 6280 208852
1571 6284 207912
1572 6288 209700
1573 6292 209990
1574 6296 203980
1575 6300 208347
1576 6304 211019
1577 6308 209762
1578 6312 212882
1579 6316 211677
1580 6320 203925
1581 6324 206654
1582 6328 207214
1583 6332 212141
1584 6336 205927
1585 6340 203863
1586 6344 215412
1587 6348 203923
1588 6352 208442
1589 6356 211205
1590 6360 206165
1591 6364 214975
1592 6368 217418
1593 6372 213894
1594 6376 208648
1595 6380 212908
1596 6384 211503
1597 6388 210942
1598 6392 206387
1599 6396 216448
1600 6400 215939
1601 6404 211974
1602 6408 213102
1603 6412 217193
1604 6416 212239
1605 6420 211593
1606 6424 208146
1607 6428 220949
1608 6432 214726
1609 6436 218562
1610 6440 217538
1611 6444 216573
1612 6448 216261
1613 6452 225643
1614 6456 217640
1615 6460 221730
1616 6464 222724
1617 6468 223083
1618 6472 225750
1619 6476 217032
1620 6480 221396
1621 6484 219629
1622 6488 218655
1623 6492 215010
1624 6496 221547
1625 6500 220773
1626 6504 222972
1627 6508 221635
1628 6512 229409
1629 6516 227202
1630 6520 214147
1631 6524 216916
1632 6528 227114
1633 6532 227352
1634 6536 221525
1635 6540 224925
1636 6544 225712
1637 6548 222915
1638 6552 223581
1639 6556 219898
1640 6560 222481
1641 6564 227068
1642 6568 227957
1643 6572 225514
1644 6576 228830
1645 6580 219422
1646 6584 226950
1647 6588 230029
1648 6592 227679
1649 6596 227888
1650 6600 221611
1651 6604 228156
1652 6608 228169
1653 6612 222992
1654 6616 230355
1655 6620 237625
1656 6624 230572
1657 6628 229956
1658 6632 229302
1659 6636 235327
1660 6640 230077
1661 6644 233752
1662 6648 231901
1663 6652 230048
1664 6656 238971
1665 6660 229204
1666 6664 226815
1667 6668 235883
1668 6672 233372
1669 6676 229624
1670 6680 228133
1671 6684 227244
1672 6688 234514
1673 6692 234833
1674 6696 229132
1675 6700 237903
1676 6704 239778
1677 6708 237602
1678 6712 239039
1679 6716 238752
1680 6720 234078
1681 6724 238241
1682 6728 232621
1683 6732 230298
1684 6736 240524
1685 6740 231362
1686 6744 240288
1687 6748 233109
1688 6752 239244
1689 6756 244834
1690 6760 238630
1691 6764 241617
1692 6768 239586
1693 6772 240677
1694 6776 244476
1695 6780 240701
1696 6784 239444
1697 6788 240582
1698 6792 240463
1699 6796 244927
1700 6800 239117
1701 6804 239746
1702 6808 243260
1703 6812 237756
1704 6816 246224
1705 6820 238069
1706 6824 243543
1707 6828 249525
1708 6832 246694
1709 6836 250326
1710 6840 240526
1711 6844 240872
1712 6848 242345
1713 6852 245171
1714 6856 248296
1715 6860 252682
1716 6864 250670
1717 6868 239325
1718 6872 245214
1719 6876 245652
1720 6880 254544
1721 6884 236776
1722 6888 245568
1723 6892 242277
1724 6896 246627
1725 6900 249348
1726 6904 249474
1727 6908 250997
1728 6912 249284
1729 6916 252311
1730 6920 245496
1731 6924 254142
1732 6928 250366
1733 6932 256159
1734 6936 256697
1735 6940 251211
1736 6944 255697
1737 6948 248211
1738 6952 246445
1739 6956 249245
1740 6960 244805
1741 6964 249002
1742 6968 252545
1743 6972 257515
1744 6976 254358
1745 6980 247680
1746 6984 251638
1747 6988 252845
1748 6992 253879
1749 6996 258971
1750 7000 263528
1751 7004 253895
1752 7008 258488
1753 7012 254652
1754 7016 258689
1755 7020 255831
1756 7024 255077
1757 7028 251391
1758 7032 264574
1759 7036 258138
1760 7040 251985
1761 7044 257172
1762 7048 261319
1763 7052 259036
1764 7056 261864
1765 7060 258683
1766 7064 262266
1767 7068 263399
1768 7072 260810
1769 7076 259349
1770 7080 265019
1771 7084 264931
1772 7088 253932
1773 7092 259568
1774 7096 258076
1775 7100 261872
1776 7104 262973
1777 7108 264461
1778 7112 254022
1779 7116 263519
1780 7120 267120
1781 7124 261503
1782 7128 265779
1783 7132 270606
1784 7136 264573
1785 7140 266114
1786 7144 270053
1787 7148 257697
1788 7152 266174
1789 7156 263865
1790 7160 271345
1791 7164 272621
1792 7168 269774
1793 7172 272721
1794 7176 270694
1795 7180 269914
1796 7184 267810
1797 7188 265810
1798 7192 268139
1799 7196 274005
1800 7200 272691
1801 7204 276579
1802 7208 266870
1803 7212 272570
1804 7216 273954
1805 7220 266810
1806 7224 277510
1807 7228 268383
1808 7232 273517
1809 7236 277592
1810 7240 275875
1811 7244 265554
1812 7248 274151
1813 7252 274620
1814 7256 273581
1815 7260 276470
1816 7264 276678
1817 7268 281414
1818 7272 281754
1819 7276 269188
1820 7280 276193
1821 7284 269382
1822 7288 275916
1823 7292 279782
1824 7296 281307
1825 7300 275228
1826 7304 284136
1827 7308 271804
1828 7312 286654
1829 7316 282112
1830 7320 285280
1831 7324 277839
1832 7328 278759
1833 7332 282548
1834 7336 276613
1835 7340 273323
1836 7344 285144
1837 7348 279003
1838 7352 279145
1839 7356 279479
1840 7360 284433
1841 7364 285775
1842 7368 282239
1843 7372 284659
1844 7376 279698
1845 7380 285071
1846 7384 286724
1847 7388 286855
1848 7392 290778
1849 7396 287790
1850 7400 288836
1851 7404 280485
1852 7408 284176
1853 7412 280366
1854 7416 279298
1855 7420 293786
1856 7424 288271
1857 7428 287157
1858 7432 290365
1859 7436 287038
1860 7440 293380
1861 7444 284306
1862 7448 294990
1863 7452 288727
1864 7456 294006
1865 7460 287998
1866 7464 292107
1867 7468 282964
1868 7472 295926
1869 7476 293244
1870 7480 281119
1871 7484 295433
1872 7488 281090
1873 7492 295135
1874 7496 299674
1875 7500 294365
1876 7504 297948
1877 7508 298072
1878 7512 288599
1879 7516 298762
1880 7520 292206
1881 7524 297615
1882 7528 298312
1883 7532 297942
1884 7536 298737
1885 7540 304030
1886 7544 297166
1887 7548 301786
1888 7552 293410
1889 7556 303740
1890 7560 294471
1891 7564 299756
1892 7568 300315
1893 7572 300698
1894 7576 306840
1895 7580 296386
1896 7584 301418
1897 7588 303582
1898 7592 299524
1899 7596 309819
1900 7600 306077
1901 7604 304766
1902 7608 306306
1903 7612 299108
1904 7616 306794
1905 7620 299965
1906 7624 299572
1907 7628 295381
1908 7632 303651
1909 7636 313144
1910 7640 301457
1911 7644 308612
1912 7648 306902
1913 7652 297150
1914 7656 306084
1915 7660 297777
1916 7664 310882
1917 7668 320455
1918 7672 305949
1919 7676 311503
1920 7680 305524
1921 7684 304816
1922 7688 302640
1923 7692 305391
1924 7696 305332
1925 7700 308448
1926 7704 310510
1927 7708 312867
1928 7712 314762
1929 7716 312416
1930 7720 305302
1931 7724 300068
1932 7728 311902
1933 7732 314581
1934 7736 302548
1935 7740 316004
1936 7744 310735
1937 7748 317486
1938 7752 315886
1939 7756 309960
1940 7760 307600
1941 7764 312267
1942 7768 310793
1943 7772 321289
1944 7776 317982
1945 7780 318234
1946 7784 315029
1947 7788 317003
1948 7792 319895
1949 7796 318509
1950 7800 317986
1951 7804 323838
1952 7808 318005
1953 7812 309524
1954 7816 318027
1955 7820 313399
1956 7824 322309
1957 7828 314960
1958 7832 310457
1959 7836 316914
1960 7840 319217
1961 7844 325437
1962 7848 326141
1963 7852 328140
1964 7856 318406
1965 7860 322909
1966 7864 332131
1967 7868 323023
1968 7872 321132
1969 7876 332512
1970 7880 324782
1971 7884 321798
1972 7888 329827
1973 7892 326965
1974 7896 331751
1975 7900 325080
1976 7904 325614
1977 7908 323291
1978 7912 320552
1979 7916 327964
1980 7920 338144
1981 7924 316839
1982 7928 328186
1983 7932 323663
1984 7936 332163
1985 7940 331873
1986 7944 327423
1987 7948 319956
1988 7952 322217
1989 7956 330776
1990 7960 330873
1991 7964 332058
1992 7968 321623
1993 7972 329405
1994 7976 340331
1995 7980 332848
1996 7984 334208
1997 7988 335296
1998 7992 336136
1999 7996 334432
2000 8000 337824
2001 8004 337461
2002 8008 336450
2003 8012 330463
2004 8016 333844
2005 8020 333924
2006 8024 342182
2007 8028 338335
2008 8032 332590
2009 8036 337182
2010 8040 338085
2011 8044 329345
2012 8048 336582
2013 8052 331044
2014 8056 336463
2015 8060 331237
2016 8064 333217
2017 8068 338762
2018 8072 346989
2019 8076 328096
2020 8080 336742
2021 8084 342933
2022 8088 341482
2023 8092 344194
2024 8096 345933
2025 8100 342526
2026 8104 339021
2027 8108 352608
2028 8112 341889
2029 8116 332108
2030 8120 343372
2031 8124 347415
2032 8128 343307
2033 8132 343925
2034 8136 344108
2035 8140 353437
2036 8144 346466
2037 8148 349613
2038 8152 341155
2039 8156 343585
2040 8160 348294
2041 8164 338912
2042 8168 336241
2043 8172 354517
2044 8176 340772
2045 8180 345398
2046 8184 350061
2047 8188 347188
2048 8192 354329
2049 8196 352586
2050 8200 354181
2051 8204 357429
2052 8208 346062
2053 8212 354560
2054 8216 354923
2055 8220 355814
2056 8224 362453
2057 8228 353798
2058 8232 360326
2059 8236 344543
2060 8240 351928
2061 8244 358507
2062 8248 359593
2063 8252 363899
2064 8256 359414
2065 8260 356549
2066 8264 356258
2067 8268 343181
2068 8272 350573
2069 8276 357051
2070 8280 354568
2071 8284 351340
2072 8288 354094
2073 8292 362071
2074 8296 369651
2075 8300 357718
2076 8304 365366
2077 8308 366349
2078 8312 364443
2079 8316 355660
2080 8320 355328
2081 8324 363419
2082 8328 351056
2083 8332 364469
2084 8336 360845
2085 8340 364157
2086 8344 360414
2087 8348 373724
2088 8352 372209
2089 8356 365563
2090 8360 360863
2091 8364 354162
2092 8368 359796
2093 8372 364186
2094 8376 373514
2095 8380 374433
2096 8384 358803
2097 8388 366551
2098 8392 370595
2099 8396 375378
2100 8400 358949
2101 8404 372972
2102 8408 372968
2103 8412 368452
2104 8416 368596
2105 8420 367442
2106 8424 369673
2107 8428 376497
2108 8432 367438
2109 8436 379851
2110 8440 369956
2111 8444 377263
2112 8448 369809
2113 8452 377956
2114 8456 379461
2115 8460 376774
2116 8464 378678
2117 8468 368780
2118 8472 371547
2119 8476 375294
2120 8480 380571
2121 8484 380852
2122 8488 368951
2123 8492 376283
2124 8496 374005
2125 8500 368780
2126 8504 374206
2127 8508 381330
2128 8512 378773
2129 8516 372702
2130 8520 378426
2131 8524 379463
2132 8528 377500
2133 8532 374348
2134 8536 379969
2135 8540 381558
2136 8544 386280
2137 8548 372276
2138 8552 376891
2139 8556 391767
2140 8560 373586
2141 8564 389059
2142 8568 389336
2143 8572 379809
2144 8576 381622
2145 8580 384444
2146 8584 394503
2147 8588 379231
2148 8592 394488
2149 8596 386001
2150 8600 395637
2151 8604 389254
2152 8608 394463
2153 8612 385071
2154 8616 379372
2155 8620 390319
2156 8624 381758
2157 8628 396133
2158 8632 394070
2159 8636 394931
2160 8640 386891
2161 8644 396768
2162 8648 380935
2163 8652 385113
2164 8656 389967
2165 8660 399670
2166 8664 378861
2167 8668 392894
2168 8672 395270
2169 8676 396702
2170 8680 398648
2171 8684 395035
2172 8688 398898
2173 8692 390567
2174 8696 393964
2175 8700 402623
2176 8704 403729
2177 8708 395710
2178 8712 397729
2179 8716 385484
2180 8720 404983
2181 8724 403542
2182 8728 401868
2183 8732 396358
2184 8736 396350
2185 8740 396563
2186 8744 396091
2187 8748 396828
2188 8752 397477
2189 8756 407070
2190 8760 391634
2191 8764 400064
2192 8768 404183
2193 8772 401940
2194 8776 410499
2195 8780 400509
2196 8784 387122
2197 8788 398966
2198 8792 414329
2199 8796 416769
2200 8800 396653
2201 8804 401783
2202 8808 413670
2203 8812 399429
2204 8816 408665
2205 8820 410905
2206 8824 402598
2207 8828 404849
2208 8832 405467
2209 8836 400413
2210 8840 408260
2211 8844 407467
2212 8848 409529
2213 8852 419999
2214 8856 420616
2215 8860 408518
2216 8864 403428
2217 8868 411037
2218 8872 411509
2219 8876 399633
2220 8880 399072
2221 8884 414322
2222 8888 407021
2223 8892 409472
2224 8896 406791
2225 8900 409632
2226 8904 416414
2227 8908 419977
2228 8912 404036
2229 8916 411627
2230 8920 425280
2231 8924 416361
2232 8928 421101
2233 8932 422341
2234 8936 417735
2235 8940 411823
2236 8944 414436
2237 8948 416419
2238 8952 418016
2239 8956 413256
2240 8960 422292
2241 8964 407216
2242 8968 423536
2243 8972 427592
2244 8976 415655
2245 8980 431099
2246 8984 410869
2247 8988 424576
2248 8992 421552
2249 8996 424092
2250 9000 423434
2251 9004 423737
2252 9008 413917
2253 9012 432432
2254 9016 421511
2255 9020 424166
2256 9024 422205
2257 9028 436677
2258 9032 418884
2259 9036 424164
2260 9040 432069
2261 9044 430359
2262 9048 432456
2263 9052 429903
2264 9056 436899
2265 9060 416226
2266 9064 427250
2267 9068 424631
2268 9072 426082
2269 9076 418842
2270 9080 432274
2271 9084 432075
2272 9088 428705
2273 9092 427219
2274 9096 441517
2275 9100 433988
2276 9104 428313
2277 9108 422447
2278 9112 431169
2279 9116 427676
2280 9120 429811
2281 9124 422273
2282 9128 430812
2283 9132 432558
2284 9136 434367
2285 9140 433564
2286 9144 425825
2287 9148 439369
2288 9152 423498
2289 9156 434565
2290 9160 439709
2291 9164 430310
2292 9168 433068
2293 9172 441771
2294 9176 454294
2295 9180 440322
2296 9184 459286
2297 9188 442785
2298 9192 446626
2299 9196 433425
2300 9200 454918
2301 9204 441016
2302 9208 431091
2303 9212 442304
2304 9216 445084
2305 9220 445247
2306 9224 446453
2307 9228 438629
2308 9232 448693
2309 9236 438743
2310 9240 446412
2311 9244 441222
2312 9248 440793
2313 9252 455571
2314 9256 446943
2315 9260 449545
2316 9264 445789
2317 9268 445024
2318 9272 451742
2319 9276 444094
2320 9280 454184
2321 9284 442702
2322 9288 463818
2323 9292 446314
2324 9296 440287
2325 9300 453176
2326 9304 442791
2327 9308 455716
2328 9312 452984
2329 9316 449103
2330 9320 457948
2331 9324 449826
2332 9328 448964
2333 9332 454033
2334 9336 456975
2335 9340 457901
2336 9344 451180
2337 9348 461100
2338 9352 454689
2339 9356 463272
2340 9360 462137
2341 9364 457710
2342 9368 467460
2343 9372 461019
2344 9376 451797
2345 9380 456277
2346 9384 461381
2347 9388 460375
2348 9392 464858
2349 9396 466636
2350 9400 457779
2351 9404 462411
2352 9408 465266
2353 9412 467375
2354 9416 467052
2355 9420 464397
2356 9424 467906
2357 9428 465566
2358 9432 471680
2359 9436 465621
2360 9440 481032
2361 9444 470558
2362 9448 461694
2363 9452 465260
2364 9456 480822
2365 9460 463889
2366 9464 465074
2367 9468 468597
2368 9472 481717
2369 9476 459604
2370 9480 465077
2371 9484 461958
2372 9488 468220
2373 9492 466647
2374 9496 469051
2375 9500 471715
2376 9504 465650
2377 9508 464076
2378 9512 480917
2379 9516 474164
2380 9520 478878
2381 9524 478836
2382 9528 477380
2383 9532 475284
2384 9536 476884
2385 9540 482471
2386 9544 473438
2387 9548 481954
2388 9552 469770
2389 9556 470145
2390 9560 462564
2391 9564 474140
2392 9568 471346
2393 9572 483164
2394 9576 490593
2395 9580 476002
2396 9584 478185
2397 9588 486216
2398 9592 475181
2399 9596 482658
2400 9600 480044
2401 9604 482737
2402 9608 477081
2403 9612 478312
2404 9616 482317
2405 9620 487550
2406 9624 481146
2407 9628 484312
2408 9632 489516
2409 9636 478252
2410 9640 483860
2411 9644 484378
2412 9648 489036
2413 9652 493112
2414 9656 485396
2415 9660 494702
2416 9664 484188
2417 9668 479268
2418 9672 489588
2419 9676 479570
2420 9680 490465
2421 9684 485301
2422 9688 486167
2423 9692 503432
2424 9696 490457
2425 9700 487568
2426 9704 496036
2427 9708 499955
2428 9712 490494
2429 9716 500002
2430 9720 487140
2431 9724 490937
2432 9728 491453
2433 9732 496552
2434 9736 495686
2435 9740 494144
2436 9744 486640
2437 9748 492323
2438 9752 495873
2439 9756 484711
2440 9760 502720
2441 9764 486275
2442 9768 498223
2443 9772 507995
2444 9776 492340
2445 9780 498298
2446 9784 500258
2447 9788 495433
2448 9792 495072
2449 9796 494459
2450 9800 499617
2451 9804 494958
2452 9808 504348
2453 9812 496909
2454 9816 502384
2455 9820 499948
2456 9824 502993
2457 9828 498177
2458 9832 491753
2459 9836 508322
2460 9840 497255
2461 9844 497153
2462 9848 503591
2463 9852 501977
2464 9856 500349
2465 9860 511278
2466 9864 501844
2467 9868 514799
2468 9872 511205
2469 9876 512361
2470 9880 508681
2471 9884 502207
2472 9888 511931
2473 9892 506668
2474 9896 497427
2475 9900 509948
2476 9904 507679
2477 9908 509378
2478 9912 512710
2479 9916 506879
2480 9920 513636
2481 9924 520388
2482 9928 508874
2483 9932 508218
2484 9936 510096
2485 9940 503206
2486 9944 523172
2487 9948 516740
2488 9952 527310
2489 9956 512159
2490 9960 515264
2491 9964 515165
2492 9968 525718
2493 9972 519944
2494 9976 511306
2495 9980 532404
2496 9984 520555
2497 9988 518917
2498 9992 526460
2499 9996 522428
2500 10000 519981
2501 10004 521661
2502 10008 520198
2503 10012 525243
2504 10016 524083
2505 10020 531100
2506 10024 528932
2507 10028 522632
2508 10032 520293
2509 10036 521229
2510 10040 530586
2511 10044 525442
2512 10048 545478
2513 10052 530462
2514 10056 528842
2515 10060 528659
2516 10064 530848
2517 10068 519937
2518 10072 534400
2519 10076 521648
2520 10080 530360
2521 10084 538250
2522 10088 524668
2523 10092 534374
2524 10096 535000
2525 10100 540522
2526 10104 531000
2527 10108 530153
2528 10112 536669
2529 10116 543491
2530 10120 534025
2531 10124 532089
2532 10128 529335
2533 10132 518231
2534 10136 528364
2535 10140 539450
2536 10144 532872
2537 10148 543296
2538 10152 534642
2539 10156 533907
2540 10160 546556
2541 10164 532999
2542 10168 540344
2543 10172 534885
2544 10176 554032
2545 10180 548851
2546 10184 547662
2547 10188 536160
2548 10192 532489
2549 10196 542383
2550 10200 547313
2551 10204 535602
2552 10208 547020
2553 10212 539617
2554 10216 559839
2555 10220 556084
2556 10224 547298
2557 10228 547449
2558 10232 546440
2559 10236 556330
2560 10240 544528
2561 10244 538263
2562 10248 558041
2563 10252 537573
2564 10256 542872
2565 10260 542371
2566 10264 547189
2567 10268 548429
2568 10272 551720
2569 10276 552681
2570 10280 553776
2571 10284 552414
2572 10288 544851
2573 10292 536970
2574 10296 559508
2575 10300 544923
2576 10304 546991
2577 10308 557995
2578 10312 552649
2579 10316 553081
2580 10320 556234
2581 10324 558071
2582 10328 557699
2583 10332 556704
2584 10336 563191
2585 10340 568499
2586 10344 552593
2587 10348 559572
2588 10352 557585
2589 10356 564528
2590 10360 561679
2591 10364 561921
2592 10368 557915
2593 10372 564051
2594 10376 556076
2595 10380 581740
2596 10384 557585
2597 10388 560124
2598 10392 565518
2599 10396 565338
2600 10400 571175
2601 10404 578442
2602 10408 574598
2603 10412 557190
2604 10416 562852
2605 10420 561468
2606 10424 570946
2607 10428 565290
2608 10432 574405
2609 10436 562290
2610 10440 571487
2611 10444 578647
2612 10448 559893
2613 10452 567372
2614 10456 571743
2615 10460 588728
2616 10464 571701
2617 10468 571642
2618 10472 579087
2619 10476 574999
2620 10480 564235
2621 10484 567905
2622 10488 580976
2623 10492 563264
2624 10496 587998
2625 10500 579535
2626 10504 573091
2627 10508 574009
2628 10512 575609
2629 10516 577500
2630 10520 587060
2631 10524 583961
2632 10528 571305
2633 10532 569872
2634 10536 580184
2635 10540 589976
2636 10544 588917
2637 10548 561464
2638 10552 567555
2639 10556 588342
2640 10560 579448
2641 10564 593350
2642 10568 584686
2643 10572 570665
2644 10576 585954
2645 10580 577170
2646 10584 594389
2647 10588 573857
2648 10592 592626
2649 10596 578224
2650 10600 594835
2651 10604 589362
2652 10608 585602
2653 10612 585762
2654 10616 585305
2655 10620 580764
2656 10624 581185
2657 10628 581925
2658 10632 578020
2659 10636 584683
2660 10640 584548
2661 10644 600724
2662 10648 592283
2663 10652 594381
2664 10656 580815
2665 10660 602495
2666 10664 596914
2667 10668 590040
2668 10672 590834
2669 10676 585313
2670 10680 594898
2671 10684 592127
2672 10688 605821
2673 10692 609912
2674 10696 584000
2675 10700 596100
2676 10704 584944
2677 10708 576345
2678 10712 610216
2679 10716 606211
2680 10720 605192
2681 10724 593037
2682 10728 608477
2683 10732 600984
2684 10736 599458
2685 10740 602358
2686 10744 608574
2687 10748 602930
2688 10752 586434
2689 10756 617954
2690 10760 600561
2691 10764 607093
2692 10768 598248
2693 10772 607314
2694 10776 600902
2695 10780 609833
2696 10784 609103
2697 10788 608495
2698 10792 595627
2699 10796 609289
2700 10800 603540
2701 10804 609335
2702 10808 609805
2703 10812 622802
2704 10816 603852
2705 10820 615097
2706 10824 602570
2707 10828 612657
2708 10832 610945
2709 10836 615579
2710 10840 602225
2711 10844 611364
2712 10848 622413
2713 10852 613733
2714 10856 613608
2715 10860 621836
2716 10864 612696
2717 10868 630795
2718 10872 626349
2719 10876 619002
2720 10880 617359
2721 10884 613375
2722 10888 612088
2723 10892 613529
2724 10896 613978
2725 10900 621423
2726 10904 614191
2727 10908 621172
2728 10912 621881
2729 10916 617369
2730 10920 626883
2731 10924 624654
2732 10928 626349
2733 10932 627011
2734 10936 628343
2735 10940 629509
2736 10944 609788
2737 10948 632162
2738 10952 621732
2739 10956 620150
2740 10960 632843
2741 10964 628998
2742 10968 635284
2743 10972 626715
2744 10976 619486
2745 10980 628019
2746 10984 617662
2747 10988 632151
2748 10992 629781
2749 10996 631560
2750 11000 633785
2751 11004 635446
2752 11008 630161
2753 11012 625252
2754 11016 633162
2755 11020 636416
2756 11024 643541
2757 11028 636121
2758 11032 615240
2759 11036 632181
2760 11040 617876
2761 11044 651772
2762 11048 642151
2763 11052 635028
2764 11056 632756
2765 11060 631101
2766 11064 628102
2767 11068 635705
2768 11072 650653
2769 11076 652514
2770 11080 638277
2771 11084 644523
2772 11088 627251
2773 11092 643817
2774 11096 640438
2775 11100 626038
2776 11104 630758
2777 11108 636783
2778 11112 635801
2779 11116 651818
2780 11120 645457
2781 11124 653278
2782 11128 646183
2783 11132 638974
2784 11136 632463
2785 11140 645744
2786 11144 647879
2787 11148 644007
2788 11152 654974
2789 11156 640750
2790 11160 654263
2791 11164 645903
2792 11168 640231
2793 11172 650938
2794 11176 652011
2795 11180 650394
2796 11184 646063
2797 11188 663466
2798 11192 659991
2799 11196 655472
2800 11200 654049
2801 11204 668665
2802 11208 659791
2803 11212 659963
2804 11216 657106
2805 11220 648804
2806 11224 655128
2807 11228 638996
2808 11232 664315
2809 11236 663060
2810 11240 661359
2811 11244 657933
2812 11248 656931
2813 11252 664682
2814 11256 679176
2815 11260 664698
2816 11264 644916
2817 11268 662424
2818 11272 656882
2819 11276 653690
2820 11280 663997
2821 11284 655905
2822 11288 672030
2823 11292 668144
2824 11296 659088
2825 11300 657473
2826 11304 659218
2827 11308 671308
2828 11312 670350
2829 11316 673952
2830 11320 679071
2831 11324 655836
2832 11328 645461
2833 11332 681453
2834 11336 672599
2835 11340 652478
2836 11344 673015
2837 11348 665693
2838 11352 690146
2839 11356 676609
2840 11360 667754
2841 11364 690576
2842 11368 664652
2843 11372 692025
2844 11376 671334
2845 11380 668697
2846 11384 678089
2847 11388 686498
2848 11392 675193
2849 11396 681081
2850 11400 690047
2851 11404 679511
2852 11408 684040
2853 11412 672186
2854 11416 687190
2855 11420 671207
2856 11424 679198
2857 11428 682318
2858 11432 672534
2859 11436 686872
2860 11440 712259
2861 11444 680158
2862 11448 674998
2863 11452 695323
2864 11456 686127
2865 11460 683286
2866 11464 694204
2867 11468 687237
2868 11472 677875
2869 11476 678492
2870 11480 679412
2871 11484 680019
2872 11488 679145
2873 11492 692740
2874 11496 680127
2875 11500 694481
2876 11504 685881
2877 11508 698333
2878 11512 689885
2879 11516 681347
2880 11520 675824
2881 11524 692305
2882 11528 698430
2883 11532 684336
2884 11536 695421
2885 11540 700525
2886 11544 708337
2887 11548 703902
2888 11552 695488
2889 11556 694651
2890 11560 677781
2891 11564 696653
2892 11568 692646
2893 11572 705585
2894 11576 706270
2895 11580 700295
2896 11584 708622
2897 11588 699372
2898 11592 692770
2899 11596 696578
2900 11600 700447
2901 11604 718863
2902 11608 701671
2903 11612 706027
2904 11616 689503
2905 11620 699306
2906 11624 705554
2907 11628 712276
2908 11632 699642
2909 11636 704863
2910 11640 692573
2911 11644 703049
2912 11648 708588
2913 11652 707915
2914 11656 707251
2915 11660 714125
2916 11664 714028
2917 11668 698668
2918 11672 718473
2919 11676 719822
2920 11680 708210
2921 11684 717830
2922 11688 715536
2923 11692 726052
2924 11696 705694
2925 11700 709615
2926 11704 723557
2927 11708 720784
2928 11712 697882
2929 11716 733692
2930 11720 726915
2931 11724 706035
2932 11728 736738
2933 11732 699024
2934 11736 724026
2935 11740 709183
2936 11744 719124
2937 11748 713044
2938 11752 717188
2939 11756 729747
2940 11760 721223
2941 11764 717922
2942 11768 721940
2943 11772 734295
2944 11776 720142
2945 11780 720176
2946 11784 719050
2947 11788 734096
2948 11792 708294
2949 11796 720003
2950 11800 723688
2951 11804 744813
2952 11808 727216
2953 11812 737636
2954 11816 730835
2955 11820 742609
2956 11824 731159
2957 11828 739083
2958 11832 727230
2959 11836 724571
2960 11840 740044
2961 11844 746757
2962 11848 735822
2963 11852 738116
2964 11856 725428
2965 11860 733843
2966 11864 734764
2967 11868 727540
2968 11872 731282
2969 11876 749096
2970 11880 740173
2971 11884 733178
2972 11888 730809
2973 11892 744072
2974 11896 742273
2975 11900 730684
2976 11904 730294
2977 11908 740044
2978 11912 719297
2979 11916 730990
2980 11920 754675
2981 11924 749579
2982 11928 746023
2983 11932 742393
2984 11936 733779
2985 11940 750266
2986 11944 755092
2987 11948 748619
2988 11952 733745
2989 11956 742957
2990 11960 751867
2991 11964 742202
2992 11968 743339
2993 11972 748603
2994 11976 747637
2995 11980 754257
2996 11984 753969
2997 11988 762508
2998 11992 745444
2999 11996 747768
3000 12000 745650
3001 12004 745784
3002 12008 752730
3003 12012 738516
3004 12016 739216
3005 12020 753087
3006 12024 742967
3007 12028 759404
3008 12032 764795
3009 12036 749915
3010 12040 760455
3011 12044 757187
3012 12048 758042
3013 12052 764047
3014 12056 751408
3015 12060 770785
3016 12064 760765
3017 12068 759832
3018 12072 762102
3019 12076 767993
3020 12080 761024
3021 12084 772775
3022 12088 763928
3023 12092 752968
3024 12096 749956
3025 12100 750794
3026 12104 781777
3027 12108 756280
3028 12112 749346
3029 12116 765026
3030 12120 766927
3031 12124 758432
3032 12128 768968
3033 12132 773599
3034 12136 774713
3035 12140 765912
3036 12144 771213
3037 12148 773869
3038 12152 772871
3039 12156 764204
3040 12160 765118
3041 12164 758277
3042 12168 775219
3043 12172 763735
3044 12176 783855
3045 12180 761570
3046 12184 763350
3047 12188 771769
3048 12192 767466
3049 12196 770900
3050 12200 786067
3051 12204 776405
3052 12208 788731
3053 12212 781228
3054 12216 773815
3055 12220 791682
3056 12224 765632
3057 12228 779949
3058 12232 761668
3059 12236 783875
3060 12240 776900
3061 12244 785598
3062 12248 774751
3063 12252 788101
3064 12256 786598
3065 12260 773791
3066 12264 778330
3067 12268 779473
3068 12272 791650
3069 12276 774447
3070 12280 774485
3071 12284 779864
3072 12288 795264
3073 12292 795375
3074 12296 803365
3075 12300 799495
3076 12304 783204
3077 12308 796714
3078 12312 800910
3079 12316 797317
3080 12320 781165
3081 12324 791515
3082 12328 789129
3083 12332 793651
3084 12336 781551
3085 12340 800527
3086 12344 770366
3087 12348 787903
3088 12352 797662
3089 12356 780247
3090 12360 787401
3091 12364 814793
3092 12368 786507
3093 12372 793241
3094 12376 802021
3095 12380 812875
3096 12384 801947
3097 12388 800632
3098 12392 804679
3099 12396 796991
3100 12400 801646
3101 12404 791473
3102 12408 786868
3103 12412 803320
3104 12416 787642
3105 12420 799756
3106 12424 812896
3107 12428 816810
3108 12432 795797
3109 12436 790808
3110 12440 792780
3111 12444 810622
3112 12448 801773
3113 12452 806923
3114 12456 805838
3115 12460 813740
3116 12464 823729
3117 12468 810633
3118 12472 822004
3119 12476 819569
3120 12480 801261
3121 12484 816960
3122 12488 815904
3123 12492 808520
3124 12496 807081
3125 12500 811154
3126 12504 821392
3127 12508 826577
3128 12512 798344
3129 12516 816904
3130 12520 825803
3131 12524 810732
3132 12528 803823
3133 12532 833037
3134 12536 831019
3135 12540 815459
3136 12544 816441
3137 12548 820678
3138 12552 831570
3139 12556 813346
3140 12560 827411
3141 12564 808517
3142 12568 833777
3143 12572 828206
3144 12576 809808
3145 12580 816238
3146 12584 817435
3147 12588 811818
3148 12592 832013
3149 12596 827171
3150 12600 842369
3151 12604 835678
3152 12608 817588
3153 12612 848872
3154 12616 838625
3155 12620 823488
3156 12624 833714
3157 12628 833549
3158 12632 838678
3159 12636 832233
3160 12640 822672
3161 12644 813941
3162 12648 840143
3163 12652 808761
3164 12656 846138
3165 12660 840629
3166 12664 834488
3167 12668 824682
3168 12672 823169
3169 12676 843730
3170 12680 840567
3171 12684 841231
3172 12688 837128
3173 12692 833325
3174 12696 847814
3175 12700 843828
3176 12704 831940
3177 12708 838204
3178 12712 844238
3179 12716 850685
3180 12720 851924
3181 12724 833670
3182 12728 867561
3183 12732 830606
3184 12736 848209
3185 12740 842328
3186 12744 834918
3187 12748 847826
3188 12752 847269
3189 12756 853923
3190 12760 848563
3191 12764 853254
3192 12768 849990
3193 12772 855831
3194 12776 859339
3195 12780 853620
3196 12784 849925
3197 12788 839017
3198 12792 868386
3199 12796 839558
3200 12800 855852
3201 12804 876931
3202 12808 845654
3203 12812 847304
3204 12816 864838
3205 12820 848931
3206 12824 880086
3207 12828 844229
3208 12832 867189
3209 12836 869063
3210 12840 858808
3211 12844 861982
3212 12848 868803
3213 12852 868029
3214 12856 861927
3215 12860 862062
3216 12864 857047
3217 12868 850827
3218 12872 849467
3219 12876 851844
3220 12880 850399
3221 12884 855210
3222 12888 882266
3223 12892 866695
3224 12896 860054
3225 12900 872935
3226 12904 887319
3227 12908 867206
3228 12912 870400
3229 12916 873721
3230 12920 859879
3231 12924 866389
3232 12928 879054
3233 12932 877120
3234 12936 853994
3235 12940 869431
3236 12944 878996
3237 12948 860712
3238 12952 873421
3239 12956 868841
3240 12960 875781
3241 12964 872138
3242 12968 870830
3243 12972 874194
3244 12976 878721
3245 12980 865286
3246 12984 861783
3247 12988 893351
3248 12992 886293
3249 12996 871695
3250 13000 875782
3251 13004 885630
3252 13008 881761
3253 13012 876282
3254 13016 874727
3255 13020 882847
3256 13024 858017
3257 13028 876837
3258 13032 884784
3259 13036 883850
3260 13040 885568
3261 13044 886635
3262 13048 876495
3263 13052 897207
3264 13056 893225
3265 13060 890995
3266 13064 880781
3267 13068 874557
3268 13072 891351
3269 13076 895905
3270 13080 872950
3271 13084 880125
3272 13088 875371
3273 13092 897157
3274 13096 897447
3275 13100 892205
3276 13104 899814
3277 13108 890490
3278 13112 895958
3279 13116 898974
3280 13120 907771
3281 13124 906996
3282 13128 906739
3283 13132 872326
3284 13136 895222
3285 13140 891412
3286 13144 900778
3287 13148 896045
3288 13152 886055
3289 13156 888540
3290 13160 899425
3291 13164 877334
3292 13168 892370
3293 13172 905811
3294 13176 915523
3295 13180 897058
3296 13184 912003
3297 13188 901523
3298 13192 914360
3299 13196 910254
3300 13200 904499
3301 13204 923469
3302 13208 929101
3303 13212 910888
3304 13216 905040
3305 13220 922964
3306 13224 906954
3307 13228 916341
3308 13232 925366
3309 13236 904703
3310 13240 906591
3311 13244 909850
3312 13248 920125
3313 13252 945173
3314 13256 914935
3315 13260 916503
3316 13264 921044
3317 13268 921694
3318 13272 919448
3319 13276 928712
3320 13280 903569
3321 13284 892664
3322 13288 932227
3323 13292 938656
3324 13296 935956
3325 13300 943650
3326 13304 935041
3327 13308 921360
3328 13312 916820
3329 13316 904356
3330 13320 929314
3331 13324 936089
3332 13328 924435
3333 13332 928080
3334 13336 914618
3335 13340 921987
3336 13344 925831
3337 13348 936175
3338 13352 913367
3339 13356 911282
3340 13360 929137
3341 13364 924917
3342 13368 912038
3343 13372 920864
3344 13376 941892
3345 13380 946876
3346 13384 927060
3347 13388 932337
3348 13392 939328
3349 13396 923218
3350 13400 926585
3351 13404 958750
3352 13408 940478
3353 13412 945326
3354 13416 956816
3355 13420 946326
3356 13424 933242
3357 13428 950417
3358 13432 953890
3359 13436 936904
3360 13440 919292
3361 13444 925592
3362 13448 948738
3363 13452 959275
3364 13456 942257
3365 13460 952928
3366 13464 945738
3367 13468 922742
3368 13472 953364
3369 13476 944754
3370 13480 923690
3371 13484 939032
3372 13488 947824
3373 13492 960925
3374 13496 924529
3375 13500 931508
3376 13504 938111
3377 13508 957558
3378 13512 953844
3379 13516 957883
3380 13520 974204
3381 13524 963835
3382 13528 954505
3383 13532 959599
3384 13536 942862
3385 13540 963802
3386 13544 947167
3387 13548 941343
3388 13552 938260
3389 13556 972249
3390 13560 937072
3391 13564 954442
3392 13568 958525
3393 13572 961058
3394 13576 960409
3395 13580 966976
3396 13584 974490
3397 13588 990174
3398 13592 966283
3399 13596 946748
3400 13600 972971
3401 13604 967593
3402 13608 971861
3403 13612 972231
3404 13616 983392
3405 13620 961884
3406 13624 969271
3407 13628 941066
3408 13632 964739
3409 13636 957518
3410 13640 976086
3411 13644 959765
3412 13648 977489
3413 13652 962211
3414 13656 974735
3415 13660 959959
3416 13664 973101
3417 13668 971923
3418 13672 965794
3419 13676 970235
3420 13680 975022
3421 13684 976310
3422 13688 995039
3423 13692 976056
3424 13696 979175
3425 13700 976388
3426 13704 990810
3427 13708 999383
3428 13712 982518
3429 13716 987565
3430 13720 995430
3431 13724 1012647
3432 13728 986153
3433 13732 980854
3434 13736 994967
3435 13740 1005417
3436 13744 970640
3437 13748 993458
3438 13752 980413
3439 13756 967942
3440 13760 998487
3441 13764 976301
3442 13768 1000679
3443 13772 998768
3444 13776 996294
3445 13780 1002475
3446 13784 998268
3447 13788 1005122
3448 13792 989139
3449 13796 974157
3450 13800 971383
3451 13804 982669
3452 13808 1009131
3453 13812 983333
3454 13816 993875
3455 13820 995099
3456 13824 998904
3457 13828 990586
3458 13832 990750
3459 13836 1003722
3460 13840 1011550
3461 13844 1006337
3462 13848 1003105
3463 13852 996856
3464 13856 993886
3465 13860 996614
3466 13864 1004370
3467 13868 995797
3468 13872 991067
3469 13876 1009385
3470 13880 990469
3471 13884 1007223
3472 13888 1008018
3473 13892 998444
3474 13896 1020495
3475 13900 1002450
3476 13904 1010558
3477 13908 1005887
3478 13912 1010617
3479 13916 1005699
3480 13920 1011577
3481 13924 1006901
3482 13928 1016539
3483 13932 999236
3484 13936 1015422
3485 13940 1010707
3486 13944 1002166
3487 13948 1009187
3488 13952 1011275
3489 13956 1009525
3490 13960 1025493
3491 13964 1013581
3492 13968 1013960
3493 13972 1019512
3494 13976 1027050
3495 13980 1023856
3496 13984 1031599
3497 13988 1012296
3498 13992 1006538
3499 13996 1031800
3500 14000 1033786
3501 14004 1035359
3502 14008 1028909
3503 14012 1029200
3504 14016 1022988
3505 14020 1038623
3506 14024 1023072
3507 14028 1020190
3508 14032 1027500
3509 14036 1032395
3510 14040 1027425
3511 14044 1042640
3512 14048 1035233
3513 14052 1033620
3514 14056 1040875
3515 14060 1038738
3516 14064 1043326
3517 14068 1028611
3518 14072 1018860
3519 14076 1042834
3520 14080 1019718
3521 14084 1060998
3522 14088 1033643
3523 14092 1040461
3524 14096 1029712
3525 14100 1049622
3526 14104 1028990
3527 14108 1014376
3528 14112 1035953
3529 14116 1052700
3530 14120 1052506
3531 14124 1036862
3532 14128 1037384
3533 14132 1030913
3534 14136 1047677
3535 14140 1051512
3536 14144 1043598
3537 14148 1044413
3538 14152 1048467
3539 14156 1039068
3540 14160 1040665
3541 14164 1074512
3542 14168 1047982
3543 14172 1046931
3544 14176 1050709
3545 14180 1069508
3546 14184 1050203
3547 14188 1057560
3548 14192 1041917
3549 14196 1050052
3550 14200 1069328
3551 14204 1065713
3552 14208 1044425
3553 14212 1046373
3554 14216 1056205
3555 14220 1070159
3556 14224 1037558
3557 14228 1042199
3558 14232 1056613
3559 14236 1069285
3560 14240 1071686
3561 14244 1059966
3562 14248 1054257
3563 14252 1070204
3564 14256 1042345
3565 14260 1063423
3566 14264 1064895
3567 14268 1053465
3568 14272 1058064
3569 14276 1069294
3570 14280 1058413
3571 14284 1046159
3572 14288 1067226
3573 14292 1081251
3574 14296 1061807
3575 14300 1063118
3576 14304 1067182
3577 14308 1065223
3578 14312 1051499
3579 14316 1085926
3580 14320 1100380
3581 14324 1052559
3582 14328 1071173
3583 14332 1068980
3584 14336 1066460
3585 14340 1079328
3586 14344 1074345
3587 14348 1079223
3588 14352 1069931
3589 14356 1076648
3590 14360 1071430
3591 14364 1053808
3592 14368 1090684
3593 14372 1097770
3594 14376 1063343
3595 14380 1088542
3596 14384 1079543
3597 14388 1085767
3598 14392 1078797
3599 14396 1074390
3600 14400 1085257
3601 14404 1076129
3602 14408 1090040
3603 14412 1060261
3604 14416 1072646
3605 14420 1110625
3606 14424 1097633
3607 14428 1077319
3608 14432 1070916
3609 14436 1079930
3610 14440 1077007
3611 14444 1089437
3612 14448 1102619
3613 14452 1104388
3614 14456 1091275
3615 14460 1083673
3616 14464 1112966
3617 14468 1074709
3618 14472 1103487
3619 14476 1082757
3620 14480 1097088
3621 14484 1081333
3622 14488 1113285
3623 14492 1098468
3624 14496 1084489
3625 14500 1093159
3626 14504 1110543
3627 14508 1086531
3628 14512 1114214
3629 14516 1090238
3630 14520 1088681
3631 14524 1093985
3632 14528 1117478
3633 14532 1116191
3634 14536 1110900
3635 14540 1106749
3636 14544 1097279
3637 14548 1109799
3638 14552 1106732
3639 14556 1089723
3640 14560 1107479
3641 14564 1122872
3642 14568 1093236
3643 14572 1097530
3644 14576 1120328
3645 14580 1107319
3646 14584 1110858
3647 14588 1118940
3648 14592 1111756
3649 14596 1100080
3650 14600 1111427
3651 14604 1087556
3652 14608 1095010
3653 14612 1106699
3654 14616 1132899
3655 14620 1122527
3656 14624 1129201
3657 14628 1124172
3658 14632 1117400
3659 14636 1112614
3660 14640 1110620
3661 14644 1104331
3662 14648 1100636
3663 14652 1116620
3664 14656 1109001
3665 14660 1132704
3666 14664 1100859
3667 14668 1131458
3668 14672 1118991
3669 14676 1114652
3670 14680 1137319
3671 14684 1140912
3672 14688 1111376
3673 14692 1147320
3674 14696 1127644
3675 14700 1111266
3676 14704 1135673
3677 14708 1151065
3678 14712 1104408
3679 14716 1119193
3680 14720 1162892
3681 14724 1128683
3682 14728 1137705
3683 14732 1145315
3684 14736 1105893
3685 14740 1140256
3686 14744 1126528
3687 14748 1139501
3688 14752 1135735
3689 14756 1115370
3690 14760 1121588
3691 14764 1153004
3692 14768 1129065
3693 14772 1138187
3694 14776 1143791
3695 14780 1150913
3696 14784 1144045
3697 14788 1140819
3698 14792 1152269
3699 14796 1126627
3700 14800 1142445
3701 14804 1139209
3702 14808 1170054
3703 14812 1132192
3704 14816 1136970
3705 14820 1155110
3706 14824 1149923
3707 14828 1130889
3708 14832 1135489
3709 14836 1164455
3710 14840 1133808
3711 14844 1156408
3712 14848 1141254
3713 14852 1133380
3714 14856 1152181
3715 14860 1157335
3716 14864 1156650
3717 14868 1156254
3718 14872 1143595
3719 14876 1132031
3720 14880 1155388
3721 14884 1180091
3722 14888 1173388
3723 14892 1144705
3724 14896 1149059
3725 14900 1173878
3726 14904 1156908
3727 14908 1167205
3728 14912 1139607
3729 14916 1161402
3730 14920 1137683
3731 14924 1173957
3732 14928 1157180
3733 14932 1160564
3734 14936 1166318
3735 14940 1155102
3736 14944 1148279
3737 14948 1163757
3738 14952 1134297
3739 14956 1163762
3740 14960 1155815
3741 14964 1179171
3742 14968 1160202
3743 14972 1177708
3744 14976 1166302
3745 14980 1168761
3746 14984 1183198
3747 14988 1172409
3748 14992 1176038
3749 14996 1185118
3750 15000 1160144
3751 15004 1169589
3752 15008 1190443
3753 15012 1190357
3754 15016 1178490
3755 15020 1178966
3756 15024 1149243
3757 15028 1181371
3758 15032 1164114
3759 15036 1161685
3760 15040 1184749
3761 15044 1187799
3762 15048 1163334
3763 15052 1173392
3764 15056 1160558
3765 15060 1176439
3766 15064 1188327
3767 15068 1185795
3768 15072 1186713
3769 15076 1160549
3770 15080 1194971
3771 15084 1189177
3772 15088 1172225
3773 15092 1190460
3774 15096 1222607
3775 15100 1207176
3776 15104 1197050
3777 15108 1205605
3778 15112 1217540
3779 15116 1198754
3780 15120 1183283
3781 15124 1199894
3782 15128 1191743
3783 15132 1171414
3784 15136 1212467
3785 15140 1200489
3786 15144 1192744
3787 15148 1183704
3788 15152 1203929
3789 15156 1191515
3790 15160 1207163
3791 15164 1221038
3792 15168 1196430
3793 15172 1198802
3794 15176 1205639
3795 15180 1186738
3796 15184 1189163
3797 15188 1204398
3798 15192 1198592
3799 15196 1213872
3800 15200 1202892
3801 15204 1197081
3802 15208 1210189
3803 15212 1253583
3804 15216 1207563
3805 15220 1219995
3806 15224 1219585
3807 15228 1198910
3808 15232 1214187
3809 15236 1200143
3810 15240 1211802
3811 15244 1207259
3812 15248 1191583
3813 15252 1220616
3814 15256 1204236
3815 15260 1213551
3816 15264 1209328
3817 15268 1244985
3818 15272 1222680
3819 15276 1225355
3820 15280 1205704
3821 15284 1205947
3822 15288 1223410
3823 15292 1217640
3824 15296 1225517
3825 15300 1204391
3826 15304 1244938
3827 15308 1210886
3828 15312 1200555
3829 15316 1227877
3830 15320 1225620
3831 15324 1195154
3832 15328 1208742
3833 15332 1224075
3834 15336 1217155
3835 15340 1210715
3836 15344 1217777
3837 15348 1222280
3838 15352 1232833
3839 15356 1216122
3840 15360 1249245
3841 15364 1225941
3842 15368 1233832
3843 15372 1228618
3844 15376 1234197
3845 15380 1218157
3846 15384 1213637
3847 15388 1241370
3848 15392 1248849
3849 15396 1229716
3850 15400 1247395
3851 15404 1254440
3852 15408 1233537
3853 15412 1241022
3854 15416 1230985
3855 15420 1248298
3856 15424 1244106
3857 15428 1246649
3858 15432 1237625
3859 15436 1250008
3860 15440 1240357
3861 15444 1227768
3862 15448 1258106
3863 15452 1226854
3864 15456 1241337
3865 15460 1241809
3866 15464 1235369
3867 15468 1231973
3868 15472 1245170
3869 15476 1235934
3870 15480 1237950
3871 15484 1241214
3872 15488 1257356
3873 15492 1242672
3874 15496 1258900
3875 15500 1249512
3876 15504 1269486
3877 15508 1262870
3878 15512 1264501
3879 15516 1244823
3880 15520 1258341
3881 15524 1247004
3882 15528 1247757
3883 15532 1260045
3884 15536 1249148
3885 15540 1247068
3886 15544 1244999
3887 15548 1255865
3888 15552 1259097
3889 15556 1258220
3890 15560 1268145
3891 15564 1264190
3892 15568 1257366
3893 15572 1259318
3894 15576 1270902
3895 15580 1265827
3896 15584 1282446
3897 15588 1241074
3898 15592 1231358
3899 15596 1279844
3900 15600 1270195
3901 15604 1252825
3902 15608 1256701
3903 15612 1267347
3904 15616 1264979
3905 15620 1287383
3906 15624 1278538
3907 15628 1246288
3908 15632 1259551
3909 15636 1284791
3910 15640 1286829
3911 15644 1281014
3912 15648 1279111
3913 15652 1291345
3914 15656 1282363
3915 15660 1302512
3916 15664 1271877
3917 15668 1276706
3918 15672 1287664
3919 15676 1267401
3920 15680 1268628
3921 15684 1299476
3922 15688 1291765
3923 15692 1315569
3924 15696 1283059
3925 15700 1291286
3926 15704 1299894
3927 15708 1276304
3928 15712 1272274
3929 15716 1296046
3930 15720 1284926
3931 15724 1295543
3932 15728 1286522
3933 15732 1305041
3934 15736 1281092
3935 15740 1284300
3936 15744 1306253
3937 15748 1287426
3938 15752 1269135
3939 15756 1294821
3940 15760 1276609
3941 15764 1314638
3942 15768 1278913
3943 15772 1281795
3944 15776 1289345
3945 15780 1323545
3946 15784 1309530
3947 15788 1286520
3948 15792 1284663
3949 15796 1314118
3950 15800 1303030
3951 15804 1316895
3952 15808 1286240
3953 15812 1321976
3954 15816 1272389
3955 15820 1304319
3956 15824 1314393
3957 15828 1317172
3958 15832 1328171
3959 15836 1318197
3960 15840 1324018
3961 15844 1325703
3962 15848 1309749
3963 15852 1323137
3964 15856 1327924
3965 15860 1305767
3966 15864 1279880
3967 15868 1334201
3968 15872 1303286
3969 15876 1311261
3970 15880 1340176
3971 15884 1287695
3972 15888 1296556
3973 15892 1308159
3974 15896 1284395
3975 15900 1341696
3976 15904 1298978
3977 15908 1302884
3978 15912 1306523
3979 15916 1318741
3980 15920 1343235
3981 15924 1334862
3982 15928 1319334
3983 15932 1334407
3984 15936 1317823
3985 15940 1324167
3986 15944 1330354
3987 15948 1308066
3988 15952 1351053
3989 15956 1343019
3990 15960 1336734
3991 15964 1291718
3992 15968 1334818
3993 15972 1315414
3994 15976 1333900
3995 15980 1328494
3996 15984 1350686
3997 15988 1314177
3998 15992 1339207
3999 15996 1323293
4000 16000 1336822
4001 16004 1334728
4002 16008 1318318
4003 16012 1341358
4004 16016 1350284
4005 16020 1348826
4006 16024 1352924
4007 16028 1344873
4008 16032 1335487
4009 16036 1324550
4010 16040 1343795
4011 16044 1349157
4012 16048 1362902
4013 16052 1311613
4014 16056 1350305
4015 16060 1339264
4016 16064 1341048
4017 16068 1346914
4018 16072 1349010
4019 16076 1330708
4020 16080 1335608
4021 16084 1349230
4022 16088 1359733
4023 16092 1369019
4024 16096 1336059
4025 16100 1340498
4026 16104 1341544
4027 16108 1361177
4028 16112 1377268
4029 16116 1327627
4030 16120 1361655
4031 16124 1354794
4032 16128 1327152
4033 16132 1330726
4034 16136 1364056
4035 16140 1329062
4036 16144 1356804
4037 16148 1366056
4038 16152 1362788
4039 16156 1357104
4040 16160 1366636
4041 16164 1362216
4042 16168 1392793
4043 16172 1377672
4044 16176 1347765
4045 16180 1353966
4046 16184 1358233
4047 16188 1359721
4048 16192 1381002
4049 16196 1370857
4050 16200 1347563
4051 16204 1372540
4052 16208 1356746
4053 16212 1375396
4054 16216 1373808
4055 16220 1362819
4056 16224 1344574
4057 16228 1372603
4058 16232 1362666
4059 16236 1350058
4060 16240 1357166
4061 16244 1357172
4062 16248 1368562
4063 16252 1383476
4064 16256 1360418
4065 16260 1348097
4066 16264 1383034
4067 16268 1395473
4068 16272 1386403
4069 16276 1374824
4070 16280 1388066
4071 16284 1377637
4072 16288 1373060
4073 16292 1385603
4074 16296 1368834
4075 16300 1392149
4076 16304 1379373
4077 16308 1382363
4078 16312 1367603
4079 16316 1392500
4080 16320 1393254
4081 16324 1375436
4082 16328 1400858
4083 16332 1398906
4084 16336 1398291
4085 16340 1364422
4086 16344 1391491
4087 16348 1404334
4088 16352 1393589
4089 16356 1375378
4090 16360 1434055
4091 16364 1397400
4092 16368 1407801
4093 16372 1393999
4094 16376 1426131
4095 16380 1385058
4096 16384 1369509
4097 16388 1420707
4098 16392 1379372
4099 16396 1374779
4100 16400 1395400
4101 16404 1410383
4102 16408 1403693
4103 16412 1421755
4104 16416 1414248
4105 16420 1420821
4106 16424 1421873
4107 16428 1413193
4108 16432 1415300
4109 16436 1385558
4110 16440 1404876
4111 16444 1414631
4112 16448 1405838
4113 16452 1414888
4114 16456 1415843
4115 16460 1420747
4116 16464 1409249
4117 16468 1411003
4118 16472 1409297
4119 16476 1411089
4120 16480 1409668
4121 16484 1416138
4122 16488 1402162
4123 16492 1427662
4124 16496 1425280
4125 16500 1415781
4126 16504 1436991
4127 16508 1428976
4128 16512 1419200
4129 16516 1421241
4130 16520 1417054
4131 16524 1419733
4132 16528 1437782
4133 16532 1434336
4134 16536 1418467
4135 16540 1420598
4136 16544 1417109
4137 16548 1432741
4138 16552 1424499
4139 16556 1439926
4140 16560 1436361
4141 16564 1399166
4142 16568 1454589
4143 16572 1449018
4144 16576 1406710
4145 16580 1431262
4146 16584 1456415
4147 16588 1422154
4148 16592 1434189
4149 16596 1442004
4150 16600 1453000
4151 16604 1433792
4152 16608 1452702
4153 16612 1450000
4154 16616 1420944
4155 16620 1461424
4156 16624 1445153
4157 16628 1462450
4158 16632 1464751
4159 16636 1442848
4160 16640 1457377
4161 16644 1448673
4162 16648 1448567
4163 16652 1462405
4164 16656 1459176
4165 16660 1463078
4166 16664 1436842
4167 16668 1441835
4168 16672 1448639
4169 16676 1452635
4170 16680 1483584
4171 16684 1446823
4172 16688 1447144
4173 16692 1433237
4174 16696 1457147
4175 16700 1474464
4176 16704 1470416
4177 16708 1437260
4178 16712 1442602
4179 16716 1459347
4180 16720 1477216
4181 16724 1471216
4182 16728 1464426
4183 16732 1449710
4184 16736 1452977
4185 16740 1485333
4186 16744 1452540
4187 16748 1472816
4188 16752 1487302
4189 16756 1463642
4190 16760 1464234
4191 16764 1466089
4192 16768 1463580
4193 16772 1458131
4194 16776 1459631
4195 16780 1469844
4196 16784 1444749
4197 16788 1489080
4198 16792 1457459
4199 16796 1479726
4200 16800 1491780
4201 16804 1478381
4202 16808 1457034
4203 16812 1484510
4204 16816 1467733
4205 16820 1485779
4206 16824 1479487
4207 16828 1479313
4208 16832 1476113
4209 16836 1466842
4210 16840 1488485
4211 16844 1467177
4212 16848 1490038
4213 16852 1468820
4214 16856 1498484
4215 16860 1447753
4216 16864 1481323
4217 16868 1500878
4218 16872 1498141
4219 16876 1489261
4220 16880 1449546
4221 16884 1482283
4222 16888 1492691
4223 16892 1460964
4224 16896 1492532
4225 16900 1501011
4226 16904 1501028
4227 16908 1499745
4228 16912 1469001
4229 16916 1491193
4230 16920 1509197
4231 16924 1488050
4232 16928 1502694
4233 16932 1504436
4234 16936 1460096
4235 16940 1517351
4236 16944 1509750
4237 16948 1520717
4238 16952 1483753
4239 16956 1508988
4240 16960 1484955
4241 16964 1494941
4242 16968 1510422
4243 16972 1481240
4244 16976 1518074
4245 16980 1525720
4246 16984 1485845
4247 16988 1516200
4248 16992 1523744
4249 16996 1501633
4250 17000 1513861
4251 17004 1520385
4252 17008 1507456
4253 17012 1502433
4254 17016 1506926
4255 17020 1507711
4256 17024 1500824
4257 17028 1511764
4258 17032 1499015
4259 17036 1503092
4260 17040 1504522
4261 17044 1506524
4262 17048 1540302
4263 17052 1499795
4264 17056 1525591
4265 17060 1505485
4266 17064 1528268
4267 17068 1511272
4268 17072 1543124
4269 17076 1530316
4270 17080 1533663
4271 17084 1506803
4272 17088 1526989
4273 17092 1524981
4274 17096 1509047
4275 17100 1541661
4276 17104 1524694
4277 17108 1523249
4278 17112 1529148
4279 17116 1560597
4280 17120 1513807
4281 17124 1502867
4282 17128 1555182
4283 17132 1502090
4284 17136 1532387
4285 17140 1511194
4286 17144 1507041
4287 17148 1549813
4288 17152 1526176
4289 17156 1552765
4290 17160 1530861
4291 17164 1539410
4292 17168 1538829
4293 17172 1523208
4294 17176 1545715
4295 17180 1524587
4296 17184 1560236
4297 17188 1551912
4298 17192 1554754
4299 17196 1531205
4300 17200 1539635
4301 17204 1524294
4302 17208 1567575
4303 17212 1546188
4304 17216 1560773
4305 17220 1544916
4306 17224 1579409
4307 17228 1529843
4308 17232 1546550
4309 17236 1546448
4310 17240 1557162
4311 17244 1546881
4312 17248 1561115
4313 17252 1559601
4314 17256 1541770
4315 17260 1533896
4316 17264 1554329
4317 17268 1574014
4318 17272 1523779
4319 17276 1565326
4320 17280 1538798
4321 17284 1597583
4322 17288 1544311
4323 17292 1575355
4324 17296 1606611
4325 17300 1569045
4326 17304 1560017
4327 17308 1569143
4328 17312 1580375
4329 17316 1559168
4330 17320 1559055
4331 17324 1555935
4332 17328 1556686
4333 17332 1561418
4334 17336 1542255
4335 17340 1580787
4336 17344 1542840
4337 17348 1559540
4338 17352 1573785
4339 17356 1571616
4340 17360 1565643
4341 17364 1561037
4342 17368 1577803
4343 17372 1566868
4344 17376 1574542
4345 17380 1583792
4346 17384 1597290
4347 17388 1569089
4348 17392 1574560
4349 17396 1571453
4350 17400 1561501
4351 17404 1573893
4352 17408 1577749
4353 17412 1592809
4354 17416 1597730
4355 17420 1574403
4356 17424 1594173
4357 17428 1589150
4358 17432 1589957
4359 17436 1601519
4360 17440 1574224
4361 17444 1579828
4362 17448 1590430
4363 17452 1609035
4364 17456 1580804
4365 17460 1584708
4366 17464 1614914
4367 17468 1606875
4368 17472 1610764
4369 17476 1573176
4370 17480 1583840
4371 17484 1578568
4372 17488 1591159
4373 17492 1617642
4374 17496 1626717
4375 17500 1597550
4376 17504 1593277
4377 17508 1600157
4378 17512 1595334
4379 17516 1617063
4380 17520 1594150
4381 17524 1599225
4382 17528 1594560
4383 17532 1620756
4384 17536 1603665
4385 17540 1585377
4386 17544 1596414
4387 17548 1634897
4388 17552 1614437
4389 17556 1584728
4390 17560 1600214
4391 17564 1609397
4392 17568 1594684
4393 17572 1623239
4394 17576 1622588
4395 17580 1622683
4396 17584 1622811
4397 17588 1638888
4398 17592 1608666
4399 17596 1602868
4400 17600 1587482
4401 17604 1622116
4402 17608 1643000
4403 17612 1605547
4404 17616 1599956
4405 17620 1655110
4406 17624 1600844
4407 17628 1603358
4408 17632 1627165
4409 17636 1628170
4410 17640 1611986
4411 17644 1618980
4412 17648 1619488
4413 17652 1611379
4414 17656 1617901
4415 17660 1627003
4416 17664 1614493
4417 17668 1625923
4418 17672 1606891
4419 17676 1617791
4420 17680 1635263
4421 17684 1607759
4422 17688 1635580
4423 17692 1627104
4424 17696 1628678
4425 17700 1661790
4426 17704 1609667
4427 17708 1626043
4428 17712 1604429
4429 17716 1657179
4430 17720 1625323
4431 17724 1606852
4432 17728 1633799
4433 17732 1636626
4434 17736 1644295
4435 17740 1656198
4436 17744 1646726
4437 17748 1677115
4438 17752 1627224
4439 17756 1642406
4440 17760 1667170
4441 17764 1629781
4442 17768 1630915
4443 17772 1672568
4444 17776 1668454
4445 17780 1649465
4446 17784 1655069
4447 17788 1686141
4448 17792 1649744
4449 17796 1663710
4450 17800 1664514
4451 17804 1658410
4452 17808 1643721
4453 17812 1649347
4454 17816 1643672
4455 17820 1675536
4456 17824 1666893
4457 17828 1680838
4458 17832 1626712
4459 17836 1653609
4460 17840 1634954
4461 17844 1630182
4462 17848 1668871
4463 17852 1685274
4464 17856 1660274
4465 17860 1659988
4466 17864 1677163
4467 17868 1649501
4468 17872 1687622
4469 17876 1659522
4470 17880 1674554
4471 17884 1661757
4472 17888 1667645
4473 17892 1666306
4474 17896 1659823
4475 17900 1644729
4476 17904 1671173
4477 17908 1666444
4478 17912 1686804
4479 17916 1686126
4480 17920 1680548
4481 17924 1670615
4482 17928 1691891
4483 17932 1681198
4484 17936 1675611
4485 17940 1697816
4486 17944 1697224
4487 17948 1690661
4488 17952 1689221
4489 17956 1682231
4490 17960 1656567
4491 17964 1660500
4492 17968 1667192
4493 17972 1656366
4494 17976 1680015
4495 17980 1685797
4496 17984 1690562
4497 17988 1704653
4498 17992 1703297
4499 17996 1700518
4500 18000 1692188
4501 18004 1688708
4502 18008 1713554
4503 18012 1718366
4504 18016 1684465
4505 18020 1708617
4506 18024 1665888
4507 18028 1688847
4508 18032 1707953
4509 18036 1714599
4510 18040 1721443
4511 18044 1695496
4512 18048 1668386
4513 18052 1716191
4514 18056 1726405
4515 18060 1683663
4516 18064 1680939
4517 18068 1688089
4518 18072 1705732
4519 18076 1705581
4520 18080 1700205
4521 18084 1694342
4522 18088 1683074
4523 18092 1739048
4524 18096 1716137
4525 18100 1679945
4526 18104 1688086
4527 18108 1701754
4528 18112 1697124
4529 18116 1714125
4530 18120 1707537
4531 18124 1702630
4532 18128 1720428
4533 18132 1710026
4534 18136 1740916
4535 18140 1719939
4536 18144 1723150
4537 18148 1731779
4538 18152 1727211
4539 18156 1717572
4540 18160 1712263
4541 18164 1700334
4542 18168 1740779
4543 18172 1702120
4544 18176 1741781
4545 18180 1725096
4546 18184 1721087
4547 18188 1737118
4548 18192 1731854
4549 18196 1722549
4550 18200 1761882
4551 18204 1718263
4552 18208 1701119
4553 18212 1717528
4554 18216 1724369
4555 18220 1722867
4556 18224 1734188
4557 18228 1728526
4558 18232 1732331
4559 18236 1738208
4560 18240 1747834
4561 18244 1747991
4562 18248 1721532
4563 18252 1746894
4564 18256 1744557
4565 18260 1758263
4566 18264 1736898
4567 18268 1729280
4568 18272 1701645
4569 18276 1717909
4570 18280 1758021
4571 18284 1716398
4572 18288 1752685
4573 18292 1721327
4574 18296 1743557
4575 18300 1733800
4576 18304 1719451
4577 18308 1720119
4578 18312 1741905
4579 18316 1760688
4580 18320 1730260
4581 18324 1759547
4582 18328 1753849
4583 18332 1793047
4584 18336 1721091
4585 18340 1737106
4586 18344 1752248
4587 18348 1731818
4588 18352 1746659
4589 18356 1745145
4590 18360 1748267
4591 18364 1744176
4592 18368 1766166
4593 18372 1760950
4594 18376 1759761
4595 18380 1742160
4596 18384 1787022
4597 18388 1714169
4598 18392 1753062
4599 18396 1732990
4600 18400 1784929
4601 18404 1742850
4602 18408 1761714
4603 18412 1775324
4604 18416 1766035
4605 18420 1766979
4606 18424 1778876
4607 18428 1767582
4608 18432 1747999
4609 18436 1789898
4610 18440 1767592
4611 18444 1761960
4612 18448 1760639
4613 18452 1768667
4614 18456 1756377
4615 18460 1789288
4616 18464 1828085
4617 18468 1791796
4618 18472 1796154
4619 18476 1781984
4620 18480 1771082
4621 18484 1806793
4622 18488 1768530
4623 18492 1762804
4624 18496 1799095
4625 18500 1783155
4626 18504 1787132
4627 18508 1789379
4628 18512 1783509
4629 18516 1773843
4630 18520 1779346
4631 18524 1778602
4632 18528 1783308
4633 18532 1757355
4634 18536 1757539
4635 18540 1828253
4636 18544 1804036
4637 18548 1790779
4638 18552 1780122
4639 18556 1813347
4640 18560 1796889
4641 18564 1760174
4642 18568 1801739
4643 18572 1810798
4644 18576 1807462
4645 18580 1815484
4646 18584 1817384
4647 18588 1798896
4648 18592 1802185
4649 18596 1783718
4650 18600 1783644
4651 18604 1792152
4652 18608 1792395
4653 18612 1837507
4654 18616 1825767
4655 18620 1792395
4656 18624 1810788
4657 18628 1814865
4658 18632 1813278
4659 18636 1815316
4660 18640 1800885
4661 18644 1834874
4662 18648 1827616
4663 18652 1798841
4664 18656 1819190
4665 18660 1804135
4666 18664 1806120
4667 18668 1809855
4668 18672 1784875
4669 18676 1823296
4670 18680 1798279
4671 18684 1830380
4672 18688 1807644
4673 18692 1812449
4674 18696 1843932
4675 18700 1786322
4676 18704 1821345
4677 18708 1807486
4678 18712 1803321
4679 18716 1834616
4680 18720 1822961
4681 18724 1809111
4682 18728 1822773
4683 18732 1830721
4684 18736 1819553
4685 18740 1836386
4686 18744 1819826
4687 18748 1836895
4688 18752 1820826
4689 18756 1829087
4690 18760 1839632
4691 18764 1833700
4692 18768 1843549
4693 18772 1845434
4694 18776 1842175
4695 18780 1815742
4696 18784 1805965
4697 18788 1834466
4698 18792 1816146
4699 18796 1865493
4700 18800 1831552
4701 18804 1824701
4702 18808 1847276
4703 18812 1868999
4704 18816 1855071
4705 18820 1828966
4706 18824 1848223
4707 18828 1858893
4708 18832 1864708
4709 18836 1838198
4710 18840 1854098
4711 18844 1855567
4712 18848 1837253
4713 18852 1807491
4714 18856 1848538
4715 18860 1863143
4716 18864 1877332
4717 18868 1861799
4718 18872 1858427
4719 18876 1863507
4720 18880 1844548
4721 18884 1840062
4722 18888 1868008
4723 18892 1882194
4724 18896 1849548
4725 18900 1898816
4726 18904 1855257
4727 18908 1873127
4728 18912 1865655
4729 18916 1837881
4730 18920 1881748
4731 18924 1851626
4732 18928 1865406
4733 18932 1873615
4734 18936 1882822
4735 18940 1884468
4736 18944 1895424
4737 18948 1869115
4738 18952 1857065
4739 18956 1875709
4740 18960 1863807
4741 18964 1888185
4742 18968 1861317
4743 18972 1871244
4744 18976 1883985
4745 18980 1888687
4746 18984 1853055
4747 18988 1875240
4748 18992 1870537
4749 18996 1863115
4750 19000 1859750
4751 19004 1907958
4752 19008 1892038
4753 19012 1901631
4754 19016 1872563
4755 19020 1879154
4756 19024 1850335
4757 19028 1871741
4758 19032 1906749
4759 19036 1873107
4760 19040 1879625
4761 19044 1914198
4762 19048 1901064
4763 19052 1886759
4764 19056 1881057
4765 19060 1887534
4766 19064 1890084
4767 19068 1904169
4768 19072 1933825
4769 19076 1925664
4770 19080 1868743
4771 19084 1914407
4772 19088 1887833
4773 19092 1880572
4774 19096 1905280
4775 19100 1887634
4776 19104 1893764
4777 19108 1894311
4778 19112 1914797
4779 19116 1924879
4780 19120 1930346
4781 19124 1932495
4782 19128 1862890
4783 19132 1917731
4784 19136 1920432
4785 19140 1891240
4786 19144 1892744
4787 19148 1926078
4788 19152 1896315
4789 19156 1901554
4790 19160 1916218
4791 19164 1952620
4792 19168 1923337
4793 19172 1919489
4794 19176 1902939
4795 19180 1909730
4796 19184 1908285
4797 19188 1925975
4798 19192 1893198
4799 19196 1881141
4800 19200 1934602
4801 19204 1898853
4802 19208 1897957
4803 19212 1922189
4804 19216 1935859
4805 19220 1915555
4806 19224 1902266
4807 19228 1923256
4808 19232 1946514
4809 19236 1911917
4810 19240 1900045
4811 19244 1911271
4812 19248 1919935
4813 19252 1954525
4814 19256 1893302
4815 19260 1932577
4816 19264 1960828
4817 19268 1925755
4818 19272 1959720
4819 19276 1931791
4820 19280 1940645
4821 19284 1886677
4822 19288 1956045
4823 19292 1929942
4824 19296 1947226
4825 19300 1950664
4826 19304 1909602
4827 19308 1935539
4828 19312 1930505
4829 19316 1961483
4830 19320 1926806
4831 19324 1965595
4832 19328 1923015
4833 19332 1975812
4834 19336 1955347
4835 19340 1915960
4836 19344 1939633
4837 19348 1958639
4838 19352 1948764
4839 19356 1947348
4840 19360 1935155
4841 19364 1985959
4842 19368 1936816
4843 19372 1956749
4844 19376 1934091
4845 19380 1954744
4846 19384 1955591
4847 19388 1981327
4848 19392 1958054
4849 19396 1939141
4850 19400 1983892
4851 19404 1947308
4852 19408 1937206
4853 19412 1970442
4854 19416 2009589
4855 19420 1975181
4856 19424 1953530
4857 19428 1973419
4858 19432 1962964
4859 19436 1981905
4860 19440 1952846
4861 19444 1977261
4862 19448 1979502
4863 19452 1982670
4864 19456 1987989
4865 19460 1971808
4866 19464 1982586
4867 19468 1987686
4868 19472 1994381
4869 19476 1976507
4870 19480 1973491
4871 19484 1958050
4872 19488 1955546
4873 19492 1990990
4874 19496 1980784
4875 19500 1961929
4876 19504 1973428
4877 19508 1952435
4878 19512 1957129
4879 19516 2002467
4880 19520 1987354
4881 19524 1982479
4882 19528 1993926
4883 19532 1994688
4884 19536 2001194
4885 19540 2011049
4886 19544 2006932
4887 19548 1989556
4888 19552 1996338
4889 19556 2002378
4890 19560 1973820
4891 19564 2004406
4892 19568 1967128
4893 19572 1998874
4894 19576 1972254
4895 19580 2017520
4896 19584 2014012
4897 19588 2015352
4898 19592 2026215
4899 19596 2027052
4900 19600 1991704
4901 19604 2017892
4902 19608 2032619
4903 19612 2031620
4904 19616 2051644
4905 19620 1980665
4906 19624 1998711
4907 19628 1991058
4908 19632 2025633
4909 19636 1992638
4910 19640 1995160
4911 19644 2032463
4912 19648 2002715
4913 19652 2039316
4914 19656 2005901
4915 19660 2025375
4916 19664 1998630
4917 19668 2006713
4918 19672 2021539
4919 19676 1994731
4920 19680 1971847
4921 19684 2048079
4922 19688 2024594
4923 19692 2052991
4924 19696 1989022
4925 19700 2021762
4926 19704 2017508
4927 19708 2046161
4928 19712 2010478
4929 19716 2023749
4930 19720 1991142
4931 19724 2072165
4932 19728 2054204
4933 19732 1998880
4934 19736 2024451
4935 19740 2010865
4936 19744 2019631
4937 19748 2038627
4938 19752 2005731
4939 19756 2038122
4940 19760 2021580
4941 19764 2035549
4942 19768 2031492
4943 19772 2003185
4944 19776 2015203
4945 19780 2035158
4946 19784 2055051
4947 19788 2017877
4948 19792 2053703
4949 19796 2031547
4950 19800 2012422
4951 19804 2061034
4952 19808 2033981
4953 19812 2045687
4954 19816 2095282
4955 19820 2053094
4956 19824 2047820
4957 19828 2072083
4958 19832 2037361
4959 19836 2052567
4960 19840 2050169
4961 19844 2045630
4962 19848 2035306
4963 19852 2032767
4964 19856 2036283
4965 19860 2078227
4966 19864 2052497
4967 19868 2026246
4968 19872 2037575
4969 19876 2057643
4970 19880 2061298
4971 19884 2049766
4972 19888 2058762
4973 19892 2045522
4974 19896 2036889
4975 19900 2061489
4976 19904 2036212
4977 19908 2080724
4978 19912 2046170
4979 19916 2052550
4980 19920 2072839
4981 19924 2094024
4982 19928 2049981
4983 19932 2046928
4984 19936 2054795
4985 19940 2051279
4986 19944 2105080
4987 19948 2058601
4988 19952 2077945
4989 19956 2045329
4990 19960 2093656
4991 19964 2096307
4992 19968 2072160
4993 19972 2088935
4994 19976 2081868
4995 19980 2124634
4996 19984 2090603
4997 19988 2105301
4998 19992 2086428
4999 19996 2099578
5000 20000 2092140
