1 0 1
2 8 3
3 12 5
4 16 8
5 20 11
6 24 15
7 28 14
8 32 23
9 36 24
10 40 28
11 44 31
12 48 36
13 52 36
14 56 43
15 60 43
16 64 50
17 68 53
18 72 58
19 76 68
20 80 74
21 84 70
22 88 78
23 92 89
24 96 92
25 100 102
26 104 112
27 108 111
28 112 108
29 116 116
30 120 114
31 124 122
32 128 128
33 132 143
34 136 140
35 140 151
36 144 165
37 148 155
38 152 169
39 156 168
40 160 183
41 164 188
42 168 185
43 172 197
44 176 212
45 180 195
46 184 211
47 188 233
48 192 250
49 196 225
50 200 245
51 204 248
52 208 262
53 212 247
54 216 256
55 220 278
56 224 274
57 228 285
58 232 284
59 236 287
60 240 314
61 244 321
62 248 317
63 252 301
64 256 322
65 260 328
66 264 328
67 268 359
68 272 370
69 276 347
70 280 356
71 284 357
72 288 381
73 292 388
74 296 418
75 300 397
76 304 420
77 308 416
78 312 429
79 316 425
80 320 443
81 324 460
82 328 438
83 332 469
84 336 500
85 340 460
86 344 498
87 348 480
88 352 508
89 356 500
90 360 503
91 364 475
92 368 516
93 372 542
94 376 522
95 380 541
96 384 533
97 388 579
98 392 644
99 396 570
100 400 621
101 404 569
102 408 576
103 412 576
104 416 617
105 420 616
106 424 597
107 428 638
108 432 634
109 436 646
110 440 635
111 444 652
112 448 675
113 452 662
114 456 654
115 460 684
116 464 679
117 468 685
118 472 677
119 476 688
120 480 716
121 484 766
122 488 761
123 492 779
124 496 737
125 500 760
126 504 761
127 508 730
128 512 785
129 516 798
130 520 799
131 524 806
132 528 831
133 532 789
134 536 841
135 540 860
136 544 911
137 548 844
138 552 839
139 556 856
140 560 855
141 564 868
142 568 875
143 572 930
144 576 904
145 580 941
146 584 929
147 588 862
148 592 962
149 596 930
150 600 927
151 604 1029
152 608 1025
153 612 1046
154 616 948
155 620 977
156 624 960
157 628 989
158 632 997
159 636 1017
160 640 1008
161 644 1017
162 648 1028
163 652 1083
164 656 1131
165 660 1102
166 664 1054
167 668 1085
168 672 1064
169 676 1088
170 680 1149
171 684 1223
172 688 1134
173 692 1173
174 696 1126
175 700 1139
176 704 1134
177 708 1181
178 712 1146
179 716 1208
180 720 1204
181 724 1197
182 728 1157
183 732 1181
184 736 1209
185 740 1174
186 744 1236
187 748 1214
188 752 1275
189 756 1297
190 760 1265
191 764 1397
192 768 1238
193 772 1265
194 776 1374
195 780 1245
196 784 1262
197 788 1354
198 792 1365
199 796 1441
200 800 1319
201 804 1428
202 808 1376
203 812 1341
204 816 1445
205 820 1458
206 824 1420
207 828 1368
208 832 1406
209 836 1390
210 840 1439
211 844 1447
212 848 1398
213 852 1457
214 856 1520
215 860 1491
216 864 1474
217 868 1590
218 872 1514
219 876 1581
220 880 1506
221 884 1526
222 888 1432
223 892 1485
224 896 1528
225 900 1487
226 904 1499
227 908 1593
228 912 1601
229 916 1555
230 920 1606
231 924 1620
232 928 1554
233 932 1662
234 936 1655
235 940 1582
236 944 1571
237 948 1794
238 952 1716
239 956 1686
240 960 1581
241 964 1631
242 968 1719
243 972 1703
244 976 1674
245 980 1678
246 984 1709
247 988 1653
248 992 1720
249 996 1797
250 1000 1741
251 1004 1793
252 1008 1705
253 1012 1744
254 1016 1863
255 1020 1744
256 1024 1740
257 1028 1826
258 1032 1727
259 1036 1833
260 1040 1783
261 1044 1778
262 1048 1913
263 1052 1815
264 1056 1832
265 1060 1907
266 1064 2077
267 1068 1806
268 1072 1864
269 1076 1969
270 1080 1888
271 1084 1876
272 1088 1865
273 1092 1973
274 1096 1918
275 1100 1977
276 1104 1986
277 1108 1926
278 1112 1905
279 1116 1973
280 1120 1958
281 1124 1943
282 1128 1973
283 1132 2092
284 1136 2198
285 1140 2072
286 1144 2157
287 1148 2170
288 1152 1999
289 1156 2100
290 1160 2096
291 1164 2165
292 1168 2084
293 1172 2114
294 1176 2091
295 1180 2219
296 1184 2112
297 1188 2195
298 1192 2188
299 1196 2274
300 1200 2130
301 1204 2200
302 1208 2243
303 1212 2117
304 1216 2172
305 1220 2160
306 1224 2351
307 1228 2357
308 1232 2158
309 1236 2181
310 1240 2177
311 1244 2187
312 1248 2196
313 1252 2225
314 1256 2372
315 1260 2239
316 1264 2422
317 1268 2297
318 1272 2271
319 1276 2428
320 1280 2264
321 1284 2425
322 1288 2483
323 1292 2394
324 1296 2487
325 1300 2409
326 1304 2373
327 1308 2366
328 1312 2501
329 1316 2471
330 1320 2490
331 1324 2381
332 1328 2464
333 1332 2465
334 1336 2462
335 1340 2465
336 1344 2551
337 1348 2575
338 1352 2479
339 1356 2495
340 1360 2526
341 1364 2476
342 1368 2506
343 1372 2581
344 1376 2487
345 1380 2595
346 1384 2613
347 1388 2692
348 1392 2527
349 1396 2655
350 1400 2526
351 1404 2609
352 1408 2556
353 1412 2589
354 1416 2583
355 1420 2606
356 1424 2618
357 1428 2660
358 1432 2662
359 1436 2600
360 1440 2618
361 1444 2813
362 1448 2736
363 1452 2744
364 1456 2723
365 1460 2947
366 1464 2720
367 1468 2948
368 1472 2718
369 1476 2755
370 1480 2815
371 1484 2763
372 1488 2794
373 1492 2739
374 1496 2875
375 1500 2879
376 1504 2796
377 1508 2893
378 1512 2793
379 1516 2913
380 1520 2822
381 1524 2818
382 1528 3022
383 1532 2930
384 1536 2780
385 1540 2772
386 1544 2922
387 1548 2994
388 1552 2972
389 1556 2946
390 1560 2950
391 1564 2967
392 1568 2953
393 1572 2975
394 1576 2982
395 1580 3043
396 1584 2956
397 1588 2979
398 1592 3034
399 1596 2993
400 1600 3035
401 1604 3046
402 1608 2980
403 1612 3319
404 1616 3259
405 1620 3463
406 1624 3055
407 1628 3094
408 1632 3023
409 1636 3173
410 1640 3264
411 1644 3222
412 1648 3094
413 1652 3101
414 1656 3222
415 1660 3177
416 1664 3111
417 1668 3217
418 1672 3232
419 1676 3258
420 1680 3210
421 1684 3212
422 1688 3290
423 1692 3250
424 1696 3210
425 1700 3209
426 1704 3287
427 1708 3298
428 1712 3260
429 1716 3276
430 1720 3245
431 1724 3327
432 1728 3370
433 1732 3362
434 1736 3534
435 1740 3466
436 1744 3279
437 1748 3471
438 1752 3343
439 1756 3497
440 1760 3341
441 1764 3448
442 1768 3604
443 1772 3624
444 1776 3451
445 1780 3372
446 1784 3406
447 1788 3419
448 1792 3384
449 1796 3564
450 1800 3534
451 1804 3609
452 1808 3417
453 1812 3373
454 1816 3783
455 1820 3512
456 1824 3613
457 1828 3532
458 1832 3737
459 1836 3521
460 1840 3494
461 1844 3524
462 1848 3766
463 1852 3593
464 1856 3479
465 1860 3505
466 1864 3549
467 1868 3734
468 1872 3830
469 1876 3634
470 1880 3585
471 1884 3708
472 1888 3760
473 1892 3695
474 1896 3652
475 1900 3978
476 1904 3576
477 1908 3986
478 1912 3712
479 1916 3755
480 1920 3967
481 1924 3733
482 1928 3686
483 1932 3690
484 1936 3665
485 1940 3982
486 1944 3886
487 1948 3882
488 1952 3824
489 1956 3962
490 1960 3935
491 1964 3837
492 1968 4022
493 1972 3839
494 1976 3875
495 1980 4076
496 1984 3928
497 1988 3861
498 1992 3946
499 1996 3837
500 2000 3895
501 2004 3980
502 2008 3955
503 2012 3837
504 2016 3813
505 2020 3976
506 2024 3981
507 2028 4063
508 2032 4273
509 2036 4088
510 2040 4338
511 2044 4039
512 2048 3894
513 2052 4088
514 2056 4017
515 2060 3919
516 2064 4087
517 2068 4214
518 2072 4062
519 2076 4197
520 2080 4332
521 2084 4212
522 2088 4142
523 2092 4115
524 2096 4195
525 2100 4141
526 2104 4117
527 2108 4374
528 2112 4093
529 2116 4206
530 2120 4253
531 2124 4185
532 2128 4235
533 2132 4212
534 2136 4325
535 2140 4312
536 2144 4362
537 2148 4422
538 2152 4588
539 2156 4298
540 2160 4226
541 2164 4517
542 2168 4278
543 2172 4520
544 2176 4216
545 2180 4422
546 2184 4316
547 2188 4350
548 2192 4506
549 2196 4356
550 2200 4396
551 2204 4363
552 2208 4410
553 2212 4540
554 2216 4418
555 2220 4522
556 2224 4317
557 2228 4462
558 2232 4629
559 2236 4559
560 2240 4432
561 2244 4587
562 2248 4607
563 2252 4640
564 2256 4534
565 2260 4530
566 2264 4660
567 2268 4489
568 2272 4522
569 2276 4835
570 2280 4630
571 2284 4494
572 2288 4636
573 2292 4676
574 2296 4811
575 2300 4470
576 2304 4443
577 2308 4580
578 2312 4930
579 2316 4830
580 2320 4595
581 2324 5049
582 2328 4621
583 2332 4647
584 2336 4826
585 2340 4780
586 2344 4793
587 2348 4735
588 2352 4788
589 2356 5038
590 2360 4838
591 2364 4832
592 2368 4798
593 2372 4789
594 2376 4832
595 2380 4929
596 2384 4796
597 2388 4998
598 2392 4746
599 2396 4869
600 2400 4742
601 2404 4918
602 2408 5008
603 2412 5184
604 2416 4870
605 2420 4946
606 2424 4851
607 2428 4892
608 2432 5104
609 2436 5030
610 2440 4986
611 2444 5459
612 2448 5275
613 2452 5063
614 2456 5312
615 2460 5001
616 2464 5059
617 2468 5226
618 2472 4939
619 2476 5237
620 2480 5078
621 2484 5258
622 2488 5230
623 2492 5203
624 2496 5357
625 2500 5085
626 2504 5251
627 2508 5184
628 2512 5109
629 2516 5444
630 2520 5701
631 2524 5114
632 2528 5067
633 2532 5292
634 2536 5247
635 2540 5351
636 2544 5225
637 2548 5128
638 2552 5222
639 2556 5664
640 2560 5125
641 2564 5322
642 2568 5261
643 2572 5272
644 2576 5345
645 2580 5462
646 2584 5440
647 2588 5224
648 2592 5290
649 2596 5413
650 2600 5711
651 2604 5347
652 2608 5256
653 2612 5419
654 2616 5696
655 2620 5461
656 2624 5426
657 2628 5644
658 2632 5551
659 2636 5496
660 2640 5443
661 2644 5333
662 2648 5444
663 2652 5587
664 2656 5482
665 2660 5625
666 2664 5831
667 2668 5595
668 2672 5738
669 2676 5644
670 2680 5834
671 2684 5597
672 2688 5521
673 2692 5503
674 2696 5530
675 2700 5660
676 2704 5506
677 2708 5611
678 2712 5755
679 2716 5566
680 2720 5453
681 2724 5869
682 2728 5745
683 2732 5921
684 2736 5583
685 2740 5897
686 2744 5991
687 2748 5679
688 2752 5786
689 2756 5592
690 2760 5964
691 2764 6004
692 2768 5636
693 2772 5892
694 2776 5786
695 2780 5869
696 2784 5783
697 2788 6094
698 2792 5779
699 2796 5886
700 2800 5940
701 2804 5732
702 2808 6016
703 2812 5766
704 2816 5807
705 2820 5936
706 2824 6046
707 2828 5913
708 2832 5986
709 2836 6144
710 2840 5944
711 2844 6164
712 2848 5976
713 2852 6042
714 2856 6051
715 2860 5921
716 2864 5924
717 2868 6104
718 2872 6296
719 2876 6297
720 2880 5851
721 2884 5933
722 2888 6047
723 2892 6425
724 2896 5948
725 2900 6718
726 2904 6823
727 2908 6272
728 2912 6084
729 2916 6054
730 2920 6076
731 2924 6297
732 2928 6380
733 2932 6143
734 2936 6464
735 2940 6303
736 2944 6186
737 2948 6605
738 2952 6383
739 2956 6385
740 2960 6092
741 2964 6206
742 2968 6199
743 2972 6398
744 2976 6113
745 2980 6396
746 2984 6530
747 2988 6513
748 2992 6155
749 2996 6448
750 3000 6278
751 3004 6440
752 3008 6131
753 3012 6270
754 3016 6341
755 3020 6675
756 3024 6523
757 3028 6281
758 3032 6406
759 3036 6235
760 3040 6549
761 3044 6321
762 3048 6771
763 3052 6754
764 3056 6262
765 3060 6557
766 3064 7208
767 3068 6592
768 3072 6476
769 3076 6797
770 3080 6780
771 3084 6521
772 3088 6420
773 3092 6747
774 3096 6548
775 3100 6570
776 3104 6824
777 3108 6892
778 3112 6540
779 3116 6496
780 3120 6511
781 3124 6817
782 3128 6592
783 3132 7245
784 3136 6631
785 3140 6950
786 3144 6922
787 3148 6874
788 3152 6572
789 3156 6707
790 3160 6747
791 3164 7181
792 3168 6699
793 3172 6768
794 3176 6670
795 3180 6653
796 3184 6674
797 3188 6823
798 3192 6823
799 3196 6902
800 3200 6588
801 3204 7089
802 3208 6804
803 3212 6912
804 3216 6870
805 3220 6840
806 3224 7065
807 3228 6807
808 3232 6704
809 3236 7114
810 3240 7139
811 3244 7249
812 3248 6957
813 3252 7015
814 3256 7267
815 3260 6865
816 3264 6865
817 3268 7048
818 3272 7022
819 3276 7024
820 3280 6803
821 3284 7083
822 3288 7398
823 3292 6923
824 3296 7113
825 3300 7136
826 3304 7240
827 3308 7111
828 3312 7178
829 3316 7097
830 3320 7218
831 3324 7129
832 3328 7070
833 3332 7412
834 3336 7238
835 3340 7078
836 3344 7603
837 3348 7315
838 3352 7065
839 3356 7218
840 3360 6974
841 3364 7223
842 3368 7676
843 3372 7132
844 3376 7133
845 3380 7466
846 3384 7244
847 3388 7325
848 3392 7070
849 3396 7544
850 3400 7245
851 3404 7792
852 3408 7067
853 3412 7391
854 3416 7517
855 3420 7474
856 3424 7536
857 3428 7528
858 3432 7369
859 3436 8172
860 3440 7422
861 3444 7487
862 3448 7757
863 3452 7747
864 3456 7662
865 3460 7563
866 3464 8009
867 3468 7565
868 3472 7223
869 3476 7541
870 3480 7567
871 3484 7673
872 3488 7486
873 3492 7833
874 3496 7484
875 3500 7789
876 3504 7519
877 3508 7656
878 3512 7455
879 3516 7514
880 3520 7459
881 3524 7819
882 3528 7668
883 3532 7612
884 3536 7496
885 3540 7856
886 3544 7829
887 3548 7658
888 3552 7400
889 3556 7563
890 3560 7844
891 3564 7563
892 3568 7632
893 3572 7700
894 3576 7981
895 3580 8021
896 3584 7515
897 3588 7708
898 3592 7918
899 3596 7809
900 3600 7519
901 3604 7663
902 3608 7806
903 3612 7678
904 3616 7729
905 3620 7958
906 3624 7825
907 3628 7894
908 3632 7730
909 3636 8236
910 3640 8024
911 3644 8054
912 3648 7868
913 3652 8163
914 3656 8262
915 3660 8507
916 3664 7694
917 3668 8005
918 3672 8039
919 3676 8775
920 3680 8150
921 3684 8039
922 3688 8086
923 3692 8444
924 3696 8121
925 3700 8183
926 3704 8255
927 3708 8649
928 3712 8199
929 3716 8296
930 3720 7974
931 3724 8187
932 3728 7911
933 3732 8131
934 3736 8394
935 3740 8253
936 3744 7959
937 3748 8323
938 3752 8494
939 3756 8381
940 3760 7968
941 3764 8503
942 3768 8314
943 3772 8200
944 3776 8203
945 3780 8074
946 3784 8273
947 3788 8517
948 3792 8065
949 3796 8507
950 3800 8489
951 3804 8322
952 3808 8173
953 3812 8370
954 3816 8204
955 3820 8509
956 3824 8330
957 3828 8799
958 3832 8355
959 3836 8421
960 3840 8140
961 3844 8567
962 3848 8642
963 3852 8649
964 3856 8556
965 3860 8448
966 3864 8429
967 3868 8785
968 3872 8335
969 3876 8619
970 3880 8514
971 3884 8470
972 3888 8467
973 3892 8642
974 3896 8699
975 3900 8735
976 3904 8391
977 3908 8719
978 3912 8686
979 3916 8637
980 3920 8587
981 3924 8542
982 3928 8593
983 3932 8756
984 3936 8526
985 3940 8491
986 3944 8837
987 3948 8808
988 3952 8424
989 3956 8725
990 3960 8627
991 3964 8554
992 3968 8684
993 3972 9199
994 3976 9038
995 3980 8649
996 3984 8822
997 3988 9171
998 3992 8902
999 3996 8876
1000 4000 8817
