1 1 0 
2 3 0 
3 4 0 
4 8 2 
5 9 4 
6 12 5 
7 15 4 
8 24 5 
9 25 17 
10 30 6 
11 34 13 
12 49 9 
13 45 29 
14 51 14 
15 56 16 
16 77 25 
17 73 44 
18 80 28 
19 86 30 
20 114 35 
21 106 52 
22 115 53 
23 123 41 
24 156 42 
25 145 83 
26 154 58 
27 166 47 
28 204 53 
29 188 116 
30 200 55 
31 210 56 
32 256 76 
33 238 101 
34 254 48 
35 266 77 
36 316 52 
37 297 123 
38 312 54 
39 326 89 
40 381 87 
41 356 95 
42 373 117 
43 392 115 
44 451 109 
45 425 197 
46 443 67 
47 459 139 
48 523 156 
49 496 220 
50 515 151 
51 539 113 
52 607 133 
53 577 188 
54 597 157 
55 618 204 
56 692 140 
57 661 183 
58 680 201 
59 701 157 
60 785 127 
61 745 174 
62 770 232 
63 792 160 
64 879 190 
65 842 182 
66 863 307 
67 895 168 
68 985 157 
69 944 203 
70 972 192 
71 993 333 
72 1094 252 
73 1054 321 
74 1082 270 
75 1108 344 
76 1212 264 
77 1167 263 
78 1194 194 
79 1224 259 
80 1329 341 
81 1283 240 
82 1317 266 
83 1346 278 
84 1458 288 
85 1407 301 
86 1439 227 
87 1471 430 
88 1589 351 
89 1534 238 
90 1565 451 
91 1603 340 
92 1724 406 
93 1664 399 
94 1700 352 
95 1739 348 
96 1864 355 
97 1803 262 
98 1842 531 
99 1881 330 
100 2013 540 
101 1949 456 
102 1990 276 
103 2025 469 
104 2166 391 
105 2100 492 
106 2142 493 
107 2183 471 
108 2323 410 
109 2257 508 
110 2295 607 
111 2333 405 
112 2484 476 
113 2418 528 
114 2457 372 
115 2496 429 
116 2655 495 
117 2578 682 
118 2619 386 
119 2663 352 
120 2826 611 
121 2749 749 
122 2791 458 
123 2832 592 
124 3003 337 
125 2921 599 
126 2965 502 
127 3011 459 
128 3182 586 
129 3103 676 
130 3153 717 
131 3201 541 
132 3380 541 
133 3299 571 
134 3346 580 
135 3392 458 
136 3574 530 
137 3490 611 
138 3537 549 
139 3594 608 
140 3777 553 
141 3690 749 
142 3742 826 
143 3791 751 
144 3984 733 
145 3895 539 
146 3951 672 
147 4004 892 
148 4206 1051 
149 4110 708 
150 4167 853 
151 4220 660 
152 4427 717 
153 4317 764 
154 4383 926 
155 4440 738 
156 4649 393 
157 4550 921 
158 4608 1032 
159 4665 610 
160 4875 831 
161 4774 741 
162 4838 891 
163 4895 822 
164 5110 985 
165 5009 764 
166 5070 999 
167 5128 683 
168 5355 808 
169 5243 1157 
170 5305 1209 
171 5369 942 
172 5600 908 
173 5482 922 
174 5551 817 
175 5614 677 
176 5845 951 
177 5736 1185 
178 5803 1005 
179 5861 821 
180 6101 869 
181 5987 896 
182 6055 985 
183 6116 953 
184 6359 912 
185 6240 977 
186 6303 817 
187 6376 936 
188 6632 798 
189 6501 1092 
190 6576 818 
191 6639 838 
192 6893 904 
193 6774 847 
194 6838 1601 
195 6910 888 
196 7178 1173 
197 7047 1101 
198 7120 1110 
199 7186 1266 
200 7460 1049 
201 7324 1177 
202 7393 1369 
203 7469 1128 
204 7742 1585 
205 7614 1386 
206 7682 1026 
207 7757 1374 
208 8039 1044 
209 7906 1735 
210 7981 1552 
211 8053 925 
212 8337 1257 
213 8199 1100 
214 8267 1001 
215 8348 1391 
216 8641 1218 
217 8502 996 
218 8581 1046 
219 8654 1595 
220 8949 1024 
221 8807 1321 
222 8881 1287 
223 8960 1188 
224 9262 1315 
225 9118 1354 
226 9193 1414 
227 9276 1226 
228 9584 1903 
229 9435 1304 
230 9516 1480 
231 9586 1261 
232 9903 1500 
233 9749 1224 
234 9832 1846 
235 9916 1529 
236 10230 1107 
237 10080 1927 
238 10160 1330 
239 10242 1522 
240 10567 1284 
241 10407 2074 
242 10488 2096 
243 10578 1623 
244 10904 1708 
245 10743 1873 
246 10833 1868 
247 10920 1866 
248 11253 1750 
249 11084 1578 
250 11177 1756 
251 11269 1391 
252 11598 1580 
253 11438 1710 
254 11520 1248 
255 11613 1680 
256 11957 1777 
257 11790 2165 
258 11886 1333 
259 11970 1128 
260 12329 2182 
261 12162 1692 
262 12251 1517 
263 12335 2285 
264 12694 1777 
265 12528 1215 
266 12622 1884 
267 12705 1262 
268 13070 1735 
269 12897 2057 
270 12989 2327 
271 13085 1282 
272 13452 2290 
273 13268 2104 
274 13365 1977 
275 13472 2440 
276 13829 2351 
277 13656 1973 
278 13754 1772 
279 13852 2025 
280 14237 1515 
281 14047 2103 
282 14145 1861 
283 14237 2302 
284 14626 2100 
285 14446 2174 
286 14540 2537 
287 14634 1456 
288 15033 2246 
289 14848 1950 
290 14946 2404 
291 15047 1851 
292 15444 2144 
293 15256 2418 
294 15351 2194 
295 15453 1892 
296 15853 2158 
297 15659 1873 
298 15759 2369 
299 15862 1276 
300 16271 2495 
301 16076 1955 
302 16179 2363 
303 16275 1890 
304 16688 2575 
305 16481 2497 
306 16600 2032 
307 16694 2729 
308 17121 2012 
309 16925 2510 
310 17028 2244 
311 17134 2793 
312 17547 1849 
313 17345 2667 
314 17456 2053 
315 17575 2290 
316 17986 2304 
317 17785 2279 
318 17899 2490 
319 18006 2536 
320 18438 2397 
321 18226 2138 
322 18337 2349 
323 18451 2617 
324 18888 2290 
325 18671 2913 
326 18781 3039 
327 18905 2281 
328 19343 2436 
329 19124 2595 
330 19238 2523 
331 19368 2266 
332 19808 3143 
333 19591 2347 
334 19699 2910 
335 19819 1872 
336 20266 2575 
337 20045 2777 
338 20164 2320 
339 20286 2741 
340 20749 3015 
341 20527 2794 
342 20646 3010 
343 20756 2421 
344 21226 2945 
345 20995 2602 
346 21115 3690 
347 21231 2545 
348 21698 3118 
349 21469 2695 
350 21598 3100 
351 21719 2683 
352 22186 2652 
353 21958 2662 
354 22084 3051 
355 22214 2826 
356 22684 2874 
357 22456 2658 
358 22569 2825 
359 22699 3286 
360 23175 2835 
361 22940 2834 
362 23073 2513 
363 23177 2951 
364 23680 2506 
365 23440 3583 
366 23563 3280 
367 23688 2425 
368 24174 3440 
369 23942 3340 
370 24068 2872 
371 24200 2836 
372 24699 2627 
373 24449 3088 
374 24583 2799 
375 24702 3140 
376 25214 2928 
377 24970 2425 
378 25102 3754 
379 25226 3198 
380 25736 3410 
381 25487 2779 
382 25625 3033 
383 25751 2391 
384 26262 3641 
385 26008 2952 
386 26149 4347 
387 26285 2993 
388 26803 3257 
389 26559 3677 
390 26683 3012 
391 26818 3722 
392 27349 3857 
393 27086 3414 
394 27220 3900 
395 27350 3102 
396 27905 4512 
397 27630 3373 
398 27760 3448 
399 27911 3655 
400 28441 3251 
401 28186 3918 
402 28321 3443 
403 28460 2908 
404 29000 3585 
405 28734 4545 
406 28880 3865 
407 29010 3364 
408 29552 4230 
409 29283 4117 
410 29440 3938 
411 29578 4256 
412 30134 4001 
413 29849 3609 
414 30000 4269 
415 30146 4097 
416 30696 3017 
417 30429 3828 
418 30564 3741 
419 30717 3001 
420 31278 3348 
421 30993 2605 
422 31140 4503 
423 31291 3796 
424 31861 4201 
425 31582 4716 
426 31724 3811 
427 31867 4254 
428 32440 3755 
429 32160 4307 
430 32306 4130 
431 32464 4039 
432 33045 4399 
433 32761 4465 
434 32895 4225 
435 33042 4164 
436 33638 3739 
437 33353 4365 
438 33508 4409 
439 33643 3769 
440 34238 4117 
441 33947 4607 
442 34097 3169 
443 34231 5007 
444 34839 4793 
445 34558 5155 
446 34696 3941 
447 34868 4369 
448 35455 4118 
449 35162 4130 
450 35320 3709 
451 35483 4458 
452 36074 5543 
453 35787 2974 
454 35928 3271 
455 36100 4099 
456 36696 4873 
457 36411 5675 
458 36556 4106 
459 36723 4687 
460 37327 4791 
461 37024 4435 
462 37188 5913 
463 37342 4721 
464 37966 5066 
465 37663 4388 
466 37829 3874 
467 37972 5055 
468 38611 4125 
469 38309 5002 
470 38469 5240 
471 38615 5049 
472 39249 4356 
473 38944 4121 
474 39107 3546 
475 39267 4907 
476 39910 4171 
477 39592 5599 
478 39760 5579 
479 39920 4748 
480 40551 5581 
481 40246 3171 
482 40403 4716 
483 40570 4003 
484 41230 4864 
485 40915 5147 
486 41083 5966 
487 41238 4545 
488 41896 5166 
489 41556 4939 
490 41729 5056 
491 41905 4923 
492 42552 5563 
493 42225 4435 
494 42408 4229 
495 42568 4909 
496 43234 4984 
497 42907 4863 
498 43083 4914 
499 43254 4927 
500 43908 5436 
501 43590 5643 
502 43761 4966 
503 43925 4624 
504 44594 5411 
505 44270 5250 
506 44441 4039 
507 44605 4116 
508 45282 6460 
509 44959 5193 
510 45129 5784 
511 45305 4464 
512 45982 4907 
513 45650 5478 
514 45829 5196 
515 46002 6440 
516 46698 5676 
517 46357 5576 
518 46545 5683 
519 46726 4503 
520 47426 4591 
521 47075 5934 
522 47259 5881 
523 47434 4957 
524 48148 5266 
525 47789 7047 
526 47983 5608 
527 48164 5851 
528 48860 5987 
529 48522 4884 
530 48716 5342 
531 48897 5468 
532 49601 6536 
533 49262 6110 
534 49436 6631 
535 49626 5599 
536 50342 6151 
537 49986 5704 
538 50172 6416 
539 50347 5772 
540 51079 5424 
541 50718 6741 
542 50905 7374 
543 51097 6087 
544 51836 5928 
545 51479 4800 
546 51653 5599 
547 51847 6797 
548 52579 5976 
549 52224 6140 
550 52408 7598 
551 52604 5417 
552 53341 7215 
553 52973 6435 
554 53162 5406 
555 53352 6280 
556 54105 6039 
557 53736 6112 
558 53911 6369 
559 54115 5687 
560 54867 5825 
561 54496 4982 
562 54690 5711 
563 54867 5880 
564 55629 4961 
565 55255 6652 
566 55446 5466 
567 55649 5490 
568 56409 6957 
569 56035 7627 
570 56219 7552 
571 56423 5588 
572 57201 6928 
573 56822 6161 
574 57010 7317 
575 57209 5954 
576 57970 6406 
577 57603 6126 
578 57805 8442 
579 57988 6061 
580 58771 6509 
581 58388 7781 
582 58592 6432 
583 58793 6940 
584 59567 5934 
585 59199 7686 
586 59395 6275 
587 59606 5614 
588 60382 7098 
589 59994 5812 
590 60189 6248 
591 60387 6180 
592 61188 7201 
593 60782 6585 
594 61009 6839 
595 61209 7046 
596 62017 6778 
597 61606 7847 
598 61819 7724 
599 62020 5800 
600 62835 6386 
601 62443 6587 
602 62628 8287 
603 62835 7990 
604 63650 6180 
605 63257 6677 
606 63472 7898 
607 63656 6476 
608 64485 8163 
609 64072 9261 
610 64280 7395 
611 64511 5844 
612 65324 7811 
613 64917 7715 
614 65134 6447 
615 65339 8867 
616 66165 6101 
617 65753 5938 
618 65969 7109 
619 66182 6956 
620 67006 7140 
621 66610 8155 
622 66809 6759 
623 67022 6751 
624 67876 7230 
625 67448 9855 
626 67662 8130 
627 67869 7441 
628 68722 8589 
629 68314 8050 
630 68515 6728 
631 68730 9128 
632 69574 6609 
633 69150 8019 
634 69384 7488 
635 69598 7352 
636 70440 9308 
637 70019 9828 
638 70231 6885 
639 70441 6827 
640 71310 5723 
641 70887 7349 
642 71103 7021 
643 71323 7686 
644 72196 7270 
645 71759 8573 
646 71995 6918 
647 72217 7754 
648 73062 7590 
649 72645 8864 
650 72872 7090 
651 73087 9187 
652 73959 8182 
653 73524 6720 
654 73762 8372 
655 73982 8725 
656 74862 8582 
657 74431 7988 
658 74647 7793 
659 74892 8381 
660 75772 7139 
661 75322 6927 
662 75533 7469 
663 75756 7534 
664 76674 8097 
665 76223 8597 
666 76443 6833 
667 76681 9413 
668 77573 8817 
669 77128 7201 
670 77353 10004 
671 77581 8338 
672 78484 8547 
673 78050 6813 
674 78272 7906 
675 78515 9047 
676 79410 7846 
677 78972 9802 
678 79212 10057 
679 79441 9854 
680 80340 10001 
681 79892 8000 
682 80125 8864 
683 80359 8543 
684 81278 9083 
685 80823 8731 
686 81052 8700 
687 81287 8879 
688 82203 8877 
689 81752 8093 
690 81994 8496 
691 82231 10915 
692 83170 9797 
693 82706 9192 
694 82923 7811 
695 83182 10276 
696 84099 8071 
697 83656 8903 
698 83893 8715 
699 84110 9177 
700 85039 10679 
701 84583 9899 
702 84835 8652 
703 85071 8590 
704 86016 10119 
705 85552 8112 
706 85787 8383 
707 86034 8390 
708 86954 10313 
709 86504 8330 
710 86736 10282 
711 86984 8776 
712 87953 8030 
713 87475 9341 
714 87710 10041 
715 87945 8324 
716 88926 8176 
717 88442 10140 
718 88689 9484 
719 88909 9611 
720 89888 10826 
721 89419 10660 
722 89648 9859 
723 89888 9191 
724 90852 11260 
725 90390 9057 
726 90639 9178 
727 90877 9186 
728 91870 7931 
729 91391 9866 
730 91640 11108 
731 91892 8722 
732 92858 11273 
733 92364 9614 
734 92633 8822 
735 92877 9945 
736 93879 10172 
737 93387 9143 
738 93624 10583 
739 93867 9170 
740 94849 11228 
741 94374 9505 
742 94641 10918 
743 94886 9107 
744 95890 10838 
745 95405 10012 
746 95641 9510 
747 95901 10336 
748 96894 8639 
749 96403 10335 
750 96651 9277 
751 96909 10489 
752 97924 8779 
753 97412 9565 
754 97650 11806 
755 97922 9883 
756 98939 11008 
757 98449 11840 
758 98698 10710 
759 98942 10829 
760 99962 9111 
761 99449 11001 
762 99718 10433 
763 99987 11677 
764 101003 9915 
765 100499 10997 
766 100765 12144 
767 101016 9933 
768 102056 10927 
769 101544 10452 
770 101791 12280 
771 102055 11060 
772 103077 11650 
773 102598 10463 
774 102849 11049 
775 103109 11678 
776 104147 11121 
777 103639 10276 
778 103907 11588 
779 104177 11112 
780 105218 9961 
781 104696 12825 
782 104971 10653 
783 105226 9189 
784 106282 9132 
785 105772 9892 
786 106044 10448 
787 106312 10367 
788 107354 10245 
789 106815 9885 
790 107087 12058 
791 107365 11464 
792 108419 9131 
793 107913 11801 
794 108181 13520 
795 108431 11755 
796 109503 9902 
797 109003 14410 
798 109254 12283 
799 109523 11708 
800 110573 9827 
801 110079 12754 
802 110339 10157 
803 110606 10914 
804 111683 12518 
805 111161 12602 
806 111428 10054 
807 111720 10586 
808 112772 12479 
809 112235 12376 
810 112524 9040 
811 112790 13120 
812 113895 12774 
813 113334 12587 
814 113623 12925 
815 113891 10559 
816 114995 13685 
817 114447 11978 
818 114739 12818 
819 115009 10620 
820 116108 12314 
821 115560 10697 
822 115814 12338 
823 116110 11094 
824 117219 13331 
825 116680 13517 
826 116954 12057 
827 117220 10152 
828 118332 11476 
829 117788 14388 
830 118062 10749 
831 118355 13411 
832 119455 11310 
833 118931 12446 
834 119210 9777 
835 119481 11733 
836 120594 12171 
837 120052 12077 
838 120357 13974 
839 120600 10681 
840 121729 12315 
841 121187 14429 
842 121476 14056 
843 121767 11795 
844 122905 11660 
845 122330 10077 
846 122606 12687 
847 122894 16879 
848 124047 12037 
849 123472 10329 
850 123765 13307 
851 124044 12314 
852 125186 14846 
853 124622 15437 
854 124923 11087 
855 125220 13161 
856 126352 12791 
857 125788 17108 
858 126067 12428 
859 126351 12739 
860 127514 14075 
861 126967 15492 
862 127234 13025 
863 127543 12464 
864 128688 11539 
865 128130 11934 
866 128403 12909 
867 128700 14599 
868 129845 11678 
869 129300 15053 
870 129604 11820 
871 129890 11831 
872 131065 12888 
873 130485 13741 
874 130796 13234 
875 131072 12893 
876 132244 12299 
877 131664 12481 
878 131973 12674 
879 132232 13581 
880 133428 16599 
881 132841 13512 
882 133147 11346 
883 133437 12185 
884 134625 14164 
885 134051 12907 
886 134345 13288 
887 134635 14272 
888 135821 12071 
889 135230 13547 
890 135526 13885 
891 135836 15082 
892 137017 12951 
893 136410 17804 
894 136740 13436 
895 137056 14312 
896 138257 13873 
897 137640 14942 
898 137936 13734 
899 138258 13059 
900 139462 13980 
901 138859 15294 
902 139171 13338 
903 139454 15889 
904 140678 13807 
905 140089 14055 
906 140384 14463 
907 140678 15905 
908 141908 14052 
909 141306 15222 
910 141606 14340 
911 141901 13606 
912 143141 14874 
913 142533 16310 
914 142843 13725 
915 143149 14456 
916 144410 15966 
917 143795 14042 
918 144075 16222 
919 144408 12464 
920 145640 15324 
921 145029 19563 
922 145348 12699 
923 145648 16551 
924 146877 15468 
925 146277 13592 
926 146569 14747 
927 146921 12470 
928 148158 13914 
929 147537 13900 
930 147861 14340 
931 148154 16300 
932 149399 14915 
933 148784 13052 
934 149092 14342 
935 149414 12032 
936 150678 16376 
937 150039 15185 
938 150367 13896 
939 150691 15228 
940 151952 15680 
941 151314 16643 
942 151632 14662 
943 151958 14928 
944 153208 14738 
945 152602 13292 
946 152919 16884 
947 153247 13444 
948 154507 16066 
949 153886 15703 
950 154195 16403 
951 154531 15416 
952 155778 14996 
953 155137 18988 
954 155455 15967 
955 155783 16416 
956 157070 13969 
957 156431 16327 
958 156753 15934 
959 157075 13723 
960 158379 18755 
961 157720 12834 
962 158041 16003 
963 158369 16554 
964 159683 16775 
965 159026 15692 
966 159351 17497 
967 159684 16859 
968 160978 15913 
969 160330 15724 
970 160649 15652 
971 160990 16722 
972 162308 17965 
973 161634 15993 
974 161986 14872 
975 162315 15785 
976 163621 14660 
977 162974 13564 
978 163270 18494 
979 163622 17704 
980 164926 15730 
981 164296 16534 
982 164612 15648 
983 164934 18729 
984 166251 16318 
985 165630 17497 
986 165948 17562 
987 166297 14574 
988 167602 16945 
989 166942 16009 
990 167267 17169 
991 167628 16035 
992 168949 16676 
993 168290 17601 
994 168626 17750 
995 168953 17011 
996 170293 15245 
997 169648 17880 
998 169973 18362 
999 170305 16392 
1000 171644 19028 
