1 1 0 
2 2 0 
3 4 0 
4 7 1 
5 9 4 
6 12 5 
7 16 4 
8 26 5 
9 25 14 
10 29 12 
11 34 7 
12 48 10 
13 45 28 
14 51 13 
15 56 29 
16 77 18 
17 73 50 
18 79 27 
19 87 19 
20 116 26 
21 107 63 
22 116 44 
23 123 39 
24 157 51 
25 144 76 
26 155 61 
27 164 32 
28 203 54 
29 188 106 
30 199 43 
31 210 60 
32 255 56 
33 238 79 
34 253 64 
35 266 123 
36 315 56 
37 298 156 
38 314 118 
39 328 128 
40 381 99 
41 359 178 
42 378 113 
43 393 126 
44 452 77 
45 427 142 
46 446 100 
47 461 130 
48 528 122 
49 499 172 
50 519 91 
51 538 106 
52 606 141 
53 578 107 
54 595 129 
55 618 200 
56 694 177 
57 657 170 
58 682 269 
59 702 195 
60 785 180 
61 745 299 
62 771 236 
63 793 169 
64 878 201 
65 843 196 
66 870 147 
67 894 202 
68 986 147 
69 946 313 
70 971 258 
71 998 166 
72 1098 170 
73 1053 278 
74 1080 347 
75 1109 202 
76 1213 279 
77 1166 274 
78 1194 255 
79 1225 258 
80 1331 199 
81 1284 256 
82 1320 411 
83 1347 290 
84 1460 381 
85 1409 412 
86 1440 369 
87 1467 240 
88 1588 377 
89 1538 270 
90 1568 340 
91 1602 331 
92 1723 348 
93 1668 359 
94 1701 426 
95 1733 276 
96 1865 305 
97 1803 512 
98 1843 289 
99 1879 350 
100 2014 422 
101 1951 451 
102 1991 377 
103 2025 366 
104 2168 200 
105 2103 561 
106 2139 326 
107 2180 331 
108 2319 520 
109 2251 521 
110 2294 588 
111 2335 497 
112 2487 253 
113 2414 412 
114 2454 650 
115 2498 675 
116 2654 532 
117 2577 374 
118 2622 381 
119 2663 456 
120 2825 547 
121 2752 535 
122 2793 497 
123 2835 584 
124 3002 490 
125 2925 687 
126 2969 748 
127 3016 578 
128 3186 648 
129 3108 560 
130 3156 595 
131 3203 807 
132 3383 558 
133 3298 700 
134 3347 493 
135 3397 544 
136 3579 713 
137 3498 786 
138 3543 834 
139 3595 428 
140 3781 632 
141 3693 856 
142 3742 614 
143 3797 609 
144 3987 862 
145 3895 621 
146 3949 557 
147 4001 728 
148 4204 817 
149 4112 710 
150 4163 657 
151 4218 673 
152 4424 611 
153 4327 1020 
154 4379 704 
155 4435 733 
156 4648 671 
157 4547 673 
158 4602 731 
159 4662 924 
160 4879 784 
161 4774 891 
162 4829 802 
163 4893 890 
164 5111 681 
165 5011 1033 
166 5067 782 
167 5130 1146 
168 5349 1086 
169 5244 887 
170 5305 839 
171 5370 711 
172 5595 1059 
173 5484 939 
174 5546 590 
175 5604 934 
176 5840 807 
177 5730 961 
178 5798 952 
179 5858 852 
180 6095 1207 
181 5980 1001 
182 6052 1149 
183 6116 940 
184 6361 943 
185 6243 1390 
186 6312 1108 
187 6376 977 
188 6632 1024 
189 6506 961 
190 6569 1005 
191 6643 719 
192 6896 1038 
193 6773 1054 
194 6843 895 
195 6917 1119 
196 7174 639 
197 7047 1197 
198 7115 1413 
199 7192 1243 
200 7458 1201 
201 7328 1215 
202 7400 1495 
203 7467 1196 
204 7748 1176 
205 7612 1120 
206 7681 1378 
207 7754 1115 
208 8040 1297 
209 7901 1005 
210 7978 1464 
211 8055 1119 
212 8339 1073 
213 8199 1647 
214 8274 1232 
215 8346 1306 
216 8638 1394 
217 8504 1426 
218 8573 1434 
219 8650 1741 
220 8946 1634 
221 8809 1565 
222 8883 1381 
223 8962 1316 
224 9256 1317 
225 9116 861 
226 9193 990 
227 9275 1368 
228 9577 2014 
229 9427 1406 
230 9517 1497 
231 9592 1161 
232 9903 1231 
233 9753 1101 
234 9831 1287 
235 9913 1288 
236 10226 1123 
237 10075 1493 
238 10152 1652 
239 10241 1717 
240 10561 1959 
241 10403 2007 
242 10487 1431 
243 10577 1660 
244 10908 1180 
245 10740 1530 
246 10831 1234 
247 10911 1539 
248 11246 1901 
249 11088 1836 
250 11175 1348 
251 11263 2099 
252 11596 1673 
253 11433 1457 
254 11524 1622 
255 11611 2109 
256 11947 1655 
257 11789 1384 
258 11886 2161 
259 11974 1990 
260 12319 1455 
261 12160 2013 
262 12249 1588 
263 12346 1914 
264 12699 1751 
265 12521 1461 
266 12619 1756 
267 12712 1716 
268 13080 1938 
269 12894 1672 
270 12986 1878 
271 13085 2077 
272 13449 1790 
273 13271 2327 
274 13371 2234 
275 13468 1877 
276 13839 1545 
277 13667 1843 
278 13760 1883 
279 13855 1916 
280 14229 2126 
281 14052 2104 
282 14152 1527 
283 14249 2424 
284 14622 2069 
285 14445 2383 
286 14537 2121 
287 14645 1746 
288 15031 1526 
289 14841 2557 
290 14949 1969 
291 15046 1679 
292 15444 1946 
293 15239 1864 
294 15349 2532 
295 15457 2656 
296 15855 2255 
297 15659 3027 
298 15765 2163 
299 15865 2371 
300 16272 2180 
301 16076 2603 
302 16174 2225 
303 16284 2187 
304 16690 2235 
305 16492 1771 
306 16603 2052 
307 16704 1799 
308 17118 1858 
309 16919 1917 
310 17029 2022 
311 17135 3073 
312 17551 1629 
313 17350 3255 
314 17466 3121 
315 17574 2610 
316 17992 2594 
317 17791 2523 
318 17901 2571 
319 18012 2030 
320 18437 2247 
321 18232 2269 
322 18349 2789 
323 18463 2201 
324 18892 2280 
325 18676 2457 
326 18802 2470 
327 18902 2540 
328 19351 2172 
329 19132 3061 
330 19243 2674 
331 19369 2266 
332 19806 2354 
333 19590 2965 
334 19695 2423 
335 19827 2693 
336 20270 2404 
337 20050 2309 
338 20170 3134 
339 20284 3209 
340 20738 2471 
341 20523 2401 
342 20634 2755 
343 20757 2646 
344 21213 2468 
345 20984 3413 
346 21106 2546 
347 21228 2667 
348 21693 2944 
349 21477 2635 
350 21597 2539 
351 21708 2726 
352 22176 2051 
353 21962 3579 
354 22076 2711 
355 22203 3052 
356 22677 2933 
357 22442 3720 
358 22567 3527 
359 22688 3058 
360 23174 3165 
361 22941 2766 
362 23059 2841 
363 23198 3064 
364 23678 3195 
365 23440 3603 
366 23564 3239 
367 23687 2928 
368 24180 2588 
369 23954 3352 
370 24068 2523 
371 24197 3608 
372 24700 2887 
373 24453 2698 
374 24576 3242 
375 24708 2733 
376 25218 3400 
377 24974 3762 
378 25106 2607 
379 25216 2745 
380 25745 3262 
381 25484 3732 
382 25627 3670 
383 25760 3733 
384 26257 3301 
385 26013 2687 
386 26156 3070 
387 26288 3671 
388 26784 4096 
389 26546 2984 
390 26680 3872 
391 26813 3757 
392 27340 3174 
393 27082 4315 
394 27232 3279 
395 27366 3647 
396 27885 3582 
397 27630 4049 
398 27746 2937 
399 27900 3651 
400 28446 2808 
401 28176 2843 
402 28313 3159 
403 28446 3463 
404 29001 4030 
405 28725 4762 
406 28869 4444 
407 29019 3616 
408 29554 2929 
409 29289 4225 
410 29438 4079 
411 29571 3304 
412 30125 4069 
413 29854 2687 
414 30003 3656 
415 30137 3576 
416 30693 4175 
417 30423 2795 
418 30577 2982 
419 30712 3542 
420 31274 4625 
421 30996 3805 
422 31161 3523 
423 31285 4489 
424 31860 2905 
425 31564 5125 
426 31723 4126 
427 31878 3962 
428 32447 3726 
429 32161 4653 
430 32303 3394 
431 32460 4005 
432 33030 4497 
433 32740 4005 
434 32897 4157 
435 33052 4547 
436 33634 4270 
437 33330 5097 
438 33496 4549 
439 33643 3682 
440 34218 4554 
441 33941 3937 
442 34098 4480 
443 34244 3779 
444 34842 4042 
445 34560 4095 
446 34700 4362 
447 34852 3785 
448 35451 5666 
449 35164 4205 
450 35309 4936 
451 35469 4241 
452 36077 4521 
453 35791 4283 
454 35928 5263 
455 36088 5581 
456 36718 4686 
457 36404 3596 
458 36557 3301 
459 36719 4560 
460 37335 5480 
461 37031 4108 
462 37195 4054 
463 37339 3691 
464 37972 4965 
465 37658 5714 
466 37814 4479 
467 37972 4340 
468 38610 5056 
469 38304 5429 
470 38459 4898 
471 38620 4082 
472 39252 4952 
473 38940 4427 
474 39110 5002 
475 39275 3677 
476 39902 4795 
477 39576 4738 
478 39735 4888 
479 39919 5225 
480 40566 4622 
481 40241 6800 
482 40408 5728 
483 40583 3668 
484 41233 4695 
485 40905 4671 
486 41077 4292 
487 41233 4800 
488 41880 5340 
489 41570 3911 
490 41734 5307 
491 41904 4432 
492 42563 4823 
493 42239 4860 
494 42404 5947 
495 42565 5783 
496 43239 4511 
497 42903 5546 
498 43078 4522 
499 43245 6116 
500 43909 5127 
501 43593 5901 
502 43756 4496 
503 43925 5138 
504 44599 5998 
505 44259 6131 
506 44451 5068 
507 44610 5784 
508 45296 4612 
509 44966 4571 
510 45131 4836 
511 45300 5523 
512 45983 5265 
513 45663 6106 
514 45833 4777 
515 45997 4560 
516 46706 4130 
517 46357 5152 
518 46552 5365 
519 46726 5527 
520 47412 5518 
521 47072 5000 
522 47253 4683 
523 47434 5855 
524 48152 5618 
525 47805 6118 
526 47970 4809 
527 48157 5795 
528 48865 4612 
529 48510 5970 
530 48697 5895 
531 48882 5326 
532 49598 4992 
533 49248 6136 
534 49442 5447 
535 49609 5517 
536 50342 4588 
537 49982 5856 
538 50172 5993 
539 50357 5618 
540 51077 4681 
541 50712 5890 
542 50896 5389 
543 51089 6562 
544 51818 6944 
545 51464 7030 
546 51661 5583 
547 51845 6606 
548 52579 6009 
549 52207 5291 
550 52396 4346 
551 52593 6515 
552 53347 5307 
553 52968 5710 
554 53161 6941 
555 53358 7340 
556 54088 6099 
557 53737 5649 
558 53925 6903 
559 54127 7170 
560 54861 6387 
561 54502 6132 
562 54686 5938 
563 54891 5322 
564 55649 6985 
565 55270 6879 
566 55460 7397 
567 55658 6486 
568 56421 6450 
569 56040 6757 
570 56243 5661 
571 56424 7003 
572 57206 7067 
573 56827 6949 
574 57027 6531 
575 57203 6790 
576 57989 6622 
577 57614 7595 
578 57796 5502 
579 58019 6101 
580 58788 6493 
581 58401 8159 
582 58595 7392 
583 58798 6606 
584 59579 6535 
585 59196 6109 
586 59399 6210 
587 59600 6994 
588 60388 6092 
589 59993 6436 
590 60197 6203 
591 60385 5756 
592 61195 6489 
593 60803 5530 
594 60992 6146 
595 61205 6236 
596 62018 6311 
597 61624 5706 
598 61817 5489 
599 62024 5550 
600 62823 8087 
601 62427 7633 
602 62639 8265 
603 62843 7941 
604 63644 7425 
605 63241 6663 
606 63460 7760 
607 63663 7547 
608 64489 6896 
609 64062 7121 
610 64284 8141 
611 64499 6934 
612 65324 5745 
613 64911 6348 
614 65126 6672 
615 65317 6663 
616 66157 7715 
617 65745 6439 
618 65959 8641 
619 66171 7552 
620 67017 6469 
621 66592 8094 
622 66812 7659 
623 67017 6577 
624 67841 7637 
625 67438 8149 
626 67661 7611 
627 67879 7409 
628 68711 5923 
629 68278 8098 
630 68501 7986 
631 68722 8439 
632 69569 7760 
633 69152 9121 
634 69372 9563 
635 69578 7201 
636 70416 9336 
637 70015 8659 
638 70227 8550 
639 70450 8859 
640 71314 7290 
641 70906 6955 
642 71111 8469 
643 71333 8016 
644 72187 9851 
645 71770 7485 
646 71987 8250 
647 72208 9357 
648 73082 7395 
649 72648 7917 
650 72877 8817 
651 73093 7077 
652 73974 9376 
653 73530 7983 
654 73777 9072 
655 74001 8440 
656 74877 8061 
657 74430 8531 
658 74649 9188 
659 74884 7974 
660 75766 7947 
661 75325 6880 
662 75543 8603 
663 75789 8209 
664 76665 7596 
665 76224 7887 
666 76456 6559 
667 76679 7719 
668 77581 9343 
669 77129 7985 
670 77357 9042 
671 77602 8335 
672 78490 8758 
673 78045 7353 
674 78280 7294 
675 78501 8205 
676 79413 7675 
677 78968 8351 
678 79200 8271 
679 79427 8291 
680 80330 6893 
681 79879 9359 
682 80109 8969 
683 80350 6917 
684 81266 8243 
685 80815 10789 
686 81041 8577 
687 81286 8412 
688 82181 8393 
689 81752 8872 
690 81978 8786 
691 82234 9887 
692 83155 8194 
693 82683 9931 
694 82910 10513 
695 83154 10369 
696 84088 8336 
697 83622 9626 
698 83866 9156 
699 84113 9112 
700 85052 7614 
701 84589 9144 
702 84812 10308 
703 85058 8072 
704 86020 10296 
705 85518 9871 
706 85778 11909 
707 86014 8001 
708 86960 8928 
709 86480 11165 
710 86737 9796 
711 86984 10925 
712 87928 10019 
713 87462 9846 
714 87692 10484 
715 87960 9003 
716 88908 9864 
717 88435 9957 
718 88669 9318 
719 88912 7754 
720 89896 8020 
721 89411 8379 
722 89661 9801 
723 89911 10752 
724 90879 10138 
725 90404 10106 
726 90641 8535 
727 90899 9592 
728 91869 10771 
729 91385 9893 
730 91631 9686 
731 91885 9520 
732 92849 10280 
733 92368 10300 
734 92629 9902 
735 92877 9475 
736 93866 8345 
737 93378 11479 
738 93626 10076 
739 93878 9796 
740 94863 8814 
741 94371 6758 
742 94634 10684 
743 94888 11588 
744 95853 9862 
745 95381 10898 
746 95636 11488 
747 95900 11352 
748 96890 8945 
749 96403 10575 
750 96658 10569 
751 96919 9900 
752 97927 9135 
753 97422 9738 
754 97679 10169 
755 97928 10997 
756 98940 9465 
757 98452 9862 
758 98682 12235 
759 98936 11562 
760 99963 10153 
761 99464 9504 
762 99721 10241 
763 99985 11717 
764 100993 11475 
765 100492 10922 
766 100747 10415 
767 101017 9248 
768 102044 9475 
769 101547 11152 
770 101814 9082 
771 102068 11965 
772 103102 8345 
773 102588 12980 
774 102853 9960 
775 103104 9493 
776 104152 9680 
777 103665 11634 
778 103915 10735 
779 104166 10124 
780 105198 9704 
781 104712 11533 
782 104962 9843 
783 105220 10623 
784 106284 10692 
785 105765 12155 
786 106015 11412 
787 106291 12411 
788 107353 10980 
789 106841 10604 
790 107100 12626 
791 107362 11992 
792 108401 9087 
793 107895 11120 
794 108172 11044 
795 108441 11134 
796 109516 10031 
797 108977 11973 
798 109241 12545 
799 109522 10553 
800 110582 13187 
801 110068 12848 
802 110341 10740 
803 110615 12512 
804 111685 11344 
805 111155 10538 
806 111434 13969 
807 111689 12619 
808 112768 11971 
809 112257 11757 
810 112521 10649 
811 112787 13393 
812 113872 11422 
813 113356 11433 
814 113649 11981 
815 113904 12516 
816 114993 12457 
817 114431 12209 
818 114736 11479 
819 115021 12408 
820 116112 12557 
821 115553 13647 
822 115819 12740 
823 116110 11163 
824 117208 13235 
825 116653 12050 
826 116964 13484 
827 117225 11260 
828 118350 12573 
829 117780 12834 
830 118088 13225 
831 118355 11588 
832 119495 13399 
833 118912 14529 
834 119205 11223 
835 119500 10599 
836 120610 15307 
837 120052 11047 
838 120352 14154 
839 120625 12104 
840 121753 12730 
841 121205 10708 
842 121473 13368 
843 121748 13979 
844 122902 11092 
845 122333 12874 
846 122639 13077 
847 122909 11708 
848 124050 12707 
849 123497 10739 
850 123777 14013 
851 124067 14639 
852 125211 13915 
853 124625 12814 
854 124928 14595 
855 125216 12944 
856 126372 13593 
857 125811 15771 
858 126090 12539 
859 126365 12499 
860 127529 10822 
861 126945 14583 
862 127237 13112 
863 127527 12674 
864 128689 12749 
865 128127 12644 
866 128418 13805 
867 128706 13838 
868 129863 13622 
869 129296 12680 
870 129589 11613 
871 129875 14709 
872 131052 12602 
873 130462 15045 
874 130758 10772 
875 131071 11632 
876 132214 11889 
877 131646 11910 
878 131958 15502 
879 132257 14164 
880 133404 13148 
881 132834 13467 
882 133135 13105 
883 133429 12647 
884 134610 13828 
885 134033 13363 
886 134315 14047 
887 134633 14309 
888 135814 13200 
889 135196 14398 
890 135513 13569 
891 135835 14745 
892 137030 14380 
893 136438 12324 
894 136726 12928 
895 137018 14901 
896 138229 11670 
897 137652 15225 
898 137944 14491 
899 138265 14516 
900 139465 14578 
901 138857 13305 
902 139135 13539 
903 139465 16063 
904 140677 12830 
905 140087 13715 
906 140389 14449 
907 140675 11399 
908 141909 12730 
909 141314 16202 
910 141608 16057 
911 141920 11997 
912 143137 12939 
913 142520 17167 
914 142851 15688 
915 143154 16107 
916 144369 16695 
917 143760 14513 
918 144067 12769 
919 144374 14392 
920 145624 13646 
921 145025 15620 
922 145317 14072 
923 145654 13441 
924 146850 13589 
925 146257 14717 
926 146564 14885 
927 146887 15606 
928 148145 14854 
929 147510 14737 
930 147819 14626 
931 148121 14800 
932 149376 16037 
933 148770 13649 
934 149116 15539 
935 149390 16803 
936 150663 15270 
937 150037 14165 
938 150377 14980 
939 150673 17072 
940 151936 15560 
941 151316 14634 
942 151627 15648 
943 151925 17452 
944 153225 13233 
945 152602 13212 
946 152895 13458 
947 153221 15869 
948 154498 12063 
949 153870 17577 
950 154193 14259 
951 154518 16535 
952 155791 13471 
953 155146 18212 
954 155478 16473 
955 155788 17134 
956 157092 13950 
957 156433 17267 
958 156760 15757 
959 157073 15942 
960 158383 14645 
961 157750 15948 
962 158083 17180 
963 158364 16334 
964 159660 17642 
965 159066 17067 
966 159397 15657 
967 159704 16266 
968 160990 17841 
969 160353 17170 
970 160670 17034 
971 161022 18534 
972 162280 16067 
973 161659 15453 
974 161990 12653 
975 162286 17526 
976 163631 17145 
977 162976 16328 
978 163294 16231 
979 163621 16344 
980 164946 16915 
981 164304 15127 
982 164621 13893 
983 164965 16424 
984 166280 16604 
985 165624 15612 
986 165955 17409 
987 166270 16752 
988 167586 18305 
989 166932 15179 
990 167269 16236 
991 167597 15166 
992 168927 17072 
993 168304 15465 
994 168633 16405 
995 168969 17594 
996 170296 15502 
997 169661 17554 
998 169986 15814 
999 170287 14583 
1000 171622 19972 
1001 170957 17829 
1002 171309 15833 
1003 171670 15054 
1004 173009 16187 
1005 172330 17696 
1006 172654 15115 
1007 173022 18258 
1008 174352 15758 
1009 173686 18458 
1010 174027 16505 
1011 174360 16473 
1012 175707 15910 
1013 175055 20230 
1014 175418 17892 
1015 175735 15758 
1016 177109 17611 
1017 176424 18064 
1018 176749 17945 
1019 177095 14948 
1020 178484 18274 
1021 177772 18722 
1022 178102 17694 
1023 178460 18618 
1024 179854 16002 
1025 179167 16056 
1026 179513 17357 
1027 179874 20278 
1028 181233 20032 
1029 180572 16827 
1030 180920 18547 
1031 181239 17379 
1032 182616 17562 
1033 181960 17246 
1034 182316 21335 
1035 182643 19286 
1036 184031 17956 
1037 183344 16824 
1038 183688 18694 
1039 184085 19406 
1040 185464 17466 
1041 184760 16298 
1042 185106 19443 
1043 185463 17223 
1044 186864 17657 
1045 186186 18781 
1046 186537 16963 
1047 186906 14805 
1048 188297 14265 
1049 187599 19812 
1050 187952 21821 
1051 188322 19088 
1052 189723 17497 
1053 189016 18381 
1054 189379 18002 
1055 189740 17124 
1056 191181 17403 
1057 190466 17155 
1058 190819 17922 
1059 191192 18961 
1060 192610 20137 
1061 191882 19566 
1062 192260 21066 
1063 192611 19284 
1064 194073 17740 
1065 193333 18030 
1066 193685 22312 
1067 194044 17834 
1068 195501 17518 
1069 194792 16246 
1070 195134 20203 
1071 195490 18597 
1072 196934 19971 
1073 196236 21248 
1074 196597 20103 
1075 196963 17149 
1076 198409 21225 
1077 197665 20713 
1078 198019 20296 
1079 198429 18487 
1080 199873 21377 
1081 199126 20882 
1082 199501 18557 
1083 199877 22377 
1084 201311 21847 
1085 200622 20537 
1086 200977 18461 
1087 201339 16135 
1088 202801 23320 
1089 202067 19639 
1090 202450 17426 
1091 202809 20256 
1092 204302 20664 
1093 203554 22065 
1094 203912 20737 
1095 204289 19213 
1096 205758 21161 
1097 205058 18363 
1098 205412 22422 
1099 205813 20055 
1100 207246 18968 
1101 206528 21051 
1102 206918 22225 
1103 207279 19813 
1104 208749 18478 
1105 208031 19152 
1106 208390 21554 
1107 208754 20364 
1108 210234 20153 
1109 209522 21099 
1110 209888 20258 
1111 210280 21066 
1112 211745 18580 
1113 211004 18693 
1114 211394 21832 
1115 211771 20143 
1116 213264 20704 
1117 212517 20462 
1118 212880 23886 
1119 213251 19711 
1120 214749 19784 
1121 214027 21611 
1122 214409 18572 
1123 214789 22148 
1124 216287 20058 
1125 215556 20092 
1126 215934 17549 
1127 216315 17491 
1128 217796 20816 
1129 217056 20135 
1130 217462 22808 
1131 217843 23809 
1132 219358 23576 
1133 218593 21565 
1134 218980 21180 
1135 219384 23319 
1136 220902 19205 
1137 220122 22149 
1138 220520 24714 
1139 220894 22990 
1140 222442 22326 
1141 221682 22788 
1142 222073 23484 
1143 222441 21133 
1144 223960 21073 
1145 223243 22819 
1146 223643 21053 
1147 224010 23838 
1148 225546 20794 
1149 224767 25998 
1150 225171 21609 
1151 225560 20766 
1152 227096 22430 
1153 226330 21545 
1154 226744 20923 
1155 227105 23292 
1156 228640 23091 
1157 227890 23371 
1158 228289 23369 
1159 228691 22266 
1160 230241 19698 
1161 229464 22961 
1162 229836 21279 
1163 230250 21670 
1164 231810 18032 
1165 231030 21527 
1166 231420 20695 
1167 231801 18942 
1168 233391 24264 
1169 232599 24427 
1170 232984 24008 
1171 233368 25966 
1172 234975 20583 
1173 234179 22575 
1174 234600 23311 
1175 234985 22415 
1176 236552 23137 
1177 235774 26058 
1178 236155 22961 
1179 236557 23913 
1180 238155 19270 
1181 237357 22096 
1182 237758 24382 
1183 238162 24391 
1184 239767 19364 
1185 238968 20319 
1186 239369 23015 
1187 239773 20240 
1188 241380 24943 
1189 240559 27005 
1190 240961 20236 
1191 241385 26209 
1192 243014 26621 
1193 242157 25435 
1194 242583 24779 
1195 243002 26382 
1196 244610 22301 
1197 243780 20497 
1198 244192 25686 
1199 244610 23350 
1200 246205 22972 
1201 245424 28207 
1202 245831 22071 
1203 246242 21981 
1204 247851 24961 
1205 247024 23323 
1206 247444 29879 
1207 247858 22582 
1208 249472 22855 
1209 248663 23297 
1210 249082 22795 
1211 249494 23349 
1212 251114 23883 
1213 250298 25128 
1214 250741 27293 
1215 251146 23464 
1216 252729 27366 
1217 251961 22859 
1218 252366 23266 
1219 252769 22362 
1220 254385 23059 
1221 253601 25358 
1222 254004 27651 
1223 254420 22033 
1224 256080 24452 
1225 255233 23164 
1226 255649 22617 
1227 256058 27445 
1228 257713 24163 
1229 256896 27293 
1230 257309 24372 
1231 257733 24027 
1232 259379 27674 
1233 258541 27190 
1234 258977 22471 
1235 259400 25418 
1236 261032 23677 
1237 260212 24837 
1238 260609 25481 
1239 261057 27171 
1240 262725 23287 
1241 261871 28135 
1242 262313 22261 
1243 262739 21012 
1244 264410 22717 
1245 263580 23387 
1246 264002 27139 
1247 264385 25653 
1248 266076 22642 
1249 265254 25965 
1250 265681 24008 
1251 266089 28325 
1252 267744 23189 
1253 266957 26636 
1254 267377 26907 
1255 267810 25116 
1256 269494 23012 
1257 268640 25526 
1258 269058 26355 
1259 269475 26189 
1260 271163 24975 
1261 270339 25231 
1262 270736 22392 
1263 271177 28513 
1264 272857 24714 
1265 272034 24847 
1266 272483 26674 
1267 272913 26228 
1268 274591 26854 
1269 273745 28832 
1270 274174 24525 
1271 274602 28891 
1272 276324 25708 
1273 275454 24096 
1274 275887 22823 
1275 276323 27978 
1276 278020 26429 
1277 277171 25817 
1278 277596 24893 
1279 278025 27218 
1280 279739 26544 
1281 278897 28531 
1282 279327 28286 
1283 279750 26603 
1284 281496 22626 
1285 280611 30307 
1286 281057 25106 
1287 281494 27349 
1288 283226 25999 
1289 282387 25199 
1290 282825 25760 
1291 283257 24934 
1292 284948 26563 
1293 284096 27405 
1294 284537 25977 
1295 284995 23259 
1296 286701 27659 
1297 285831 28084 
1298 286305 27887 
1299 286753 28840 
1300 288491 25876 
1301 287609 28576 
1302 288079 26131 
1303 288481 29679 
1304 290238 24004 
1305 289372 29295 
1306 289773 27705 
1307 290238 26595 
1308 291971 24018 
1309 291102 28537 
1310 291561 27113 
1311 292007 27203 
1312 293759 28094 
1313 292897 26711 
1314 293345 30168 
1315 293774 27041 
1316 295549 29449 
1317 294651 27326 
1318 295093 29827 
1319 295559 28205 
1320 297307 26160 
1321 296434 25973 
1322 296939 26948 
1323 297336 26430 
1324 299097 30416 
1325 298233 31730 
1326 298664 29554 
1327 299145 30226 
1328 300895 27252 
1329 299995 28762 
1330 300477 27573 
1331 300925 26054 
1332 302699 27926 
1333 301817 34124 
1334 302285 24930 
1335 302718 28746 
1336 304530 26449 
1337 303612 26848 
1338 304061 28635 
1339 304516 27747 
1340 306300 30965 
1341 305439 29347 
1342 305906 28970 
1343 306347 28457 
1344 308122 29087 
1345 307260 30954 
1346 307691 31678 
1347 308156 30754 
1348 309957 27858 
1349 309067 28006 
1350 309518 29118 
1351 309990 28298 
1352 311783 28163 
1353 310855 29614 
1354 311339 28109 
1355 311772 30187 
1356 313607 30800 
1357 312685 30498 
1358 313156 28689 
1359 313615 30481 
1360 315471 30356 
1361 314565 30232 
1362 315007 32316 
1363 315460 31002 
1364 317272 26191 
1365 316367 32145 
1366 316849 23803 
1367 317292 32478 
1368 319098 27165 
1369 318224 31433 
1370 318680 30540 
1371 319133 31402 
1372 320977 30036 
1373 320081 27498 
1374 320545 28663 
1375 320994 30378 
1376 322848 29857 
1377 321921 24127 
1378 322392 29529 
1379 322872 30522 
1380 324699 30233 
1381 323756 32383 
1382 324271 29854 
1383 324737 28130 
1384 326559 28671 
1385 325648 29356 
1386 326105 27618 
1387 326551 30347 
1388 328431 30506 
1389 327512 33553 
1390 327981 29384 
1391 328430 35169 
1392 330302 30953 
1393 329379 29506 
1394 329814 30632 
1395 330323 29739 
1396 332179 24571 
1397 331277 33200 
1398 331732 30959 
1399 332226 30910 
1400 334056 35090 
1401 333161 30684 
1402 333632 28962 
1403 334075 30156 
1404 335978 33863 
1405 335047 31975 
1406 335508 31597 
1407 335984 29628 
1408 337864 30636 
1409 336915 32172 
1410 337406 29905 
1411 337896 27972 
1412 339781 31324 
1413 338818 33102 
1414 339299 33987 
1415 339758 29431 
1416 341686 31062 
1417 340739 30746 
1418 341224 30268 
1419 341705 31325 
1420 343604 27570 
1421 342660 33255 
1422 343146 32390 
1423 343633 28399 
1424 345533 29495 
1425 344541 34185 
1426 345061 32676 
1427 345540 33205 
1428 347478 29426 
1429 346508 33311 
1430 346987 33370 
1431 347474 31461 
1432 349413 31732 
1433 348428 35516 
1434 348935 30883 
1435 349426 31643 
1436 351322 32425 
1437 350359 34546 
1438 350836 37711 
1439 351355 32784 
1440 353280 34885 
1441 352301 35583 
1442 352786 37401 
1443 353288 28429 
1444 355219 31193 
1445 354254 32657 
1446 354725 32698 
1447 355246 29482 
1448 357195 35075 
1449 356187 33932 
1450 356692 32114 
1451 357168 31054 
1452 359124 35640 
1453 358170 36894 
1454 358649 35954 
1455 359119 31102 
1456 361100 32855 
1457 360119 33695 
1458 360582 37864 
1459 361063 33675 
1460 363041 33764 
1461 362028 32148 
1462 362553 32641 
1463 363063 29669 
1464 365023 31889 
1465 364024 33486 
1466 364556 39602 
1467 365042 34504 
1468 366965 37164 
1469 366043 36443 
1470 366509 38171 
1471 367013 29892 
1472 368974 37154 
1473 367984 33667 
1474 368495 32513 
1475 368978 35643 
1476 370936 34733 
1477 370008 36871 
1478 370480 35213 
1479 370968 34039 
1480 372936 33485 
1481 371976 31952 
1482 372468 38240 
1483 372954 34111 
1484 374924 29302 
1485 373959 33996 
1486 374425 30438 
1487 374955 37144 
1488 376936 32919 
1489 375952 37648 
1490 376471 37313 
1491 376964 32028 
1492 378974 34337 
1493 377989 33526 
1494 378490 30509 
1495 379001 34646 
1496 380951 38961 
1497 379975 34398 
1498 380486 32396 
1499 380992 34496 
1500 382978 35735 
1501 382008 36106 
1502 382495 33439 
1503 382970 36453 
1504 385016 35551 
1505 384027 33489 
1506 384525 35212 
1507 385042 33352 
1508 387065 38439 
1509 386052 35079 
1510 386570 33693 
1511 387032 35707 
1512 389094 36882 
1513 388113 32264 
1514 388581 36561 
1515 389083 37194 
1516 391113 33571 
1517 390104 35923 
1518 390628 37185 
1519 391143 34778 
1520 393165 37619 
1521 392167 37227 
1522 392673 36731 
1523 393184 31736 
1524 395226 34001 
1525 394203 38929 
1526 394734 36118 
1527 395249 36932 
1528 397265 35917 
1529 396242 35870 
1530 396769 35138 
1531 397252 35294 
1532 399357 33061 
1533 398323 35911 
1534 398840 32790 
1535 399306 32941 
1536 401392 35048 
1537 400379 33327 
1538 400885 37632 
1539 401394 33485 
1540 403461 38158 
1541 402455 39383 
1542 402960 34005 
1543 403501 37430 
1544 405573 43416 
1545 404495 42326 
1546 405046 36275 
1547 405568 37496 
1548 407692 39851 
1549 406645 36257 
1550 407170 35752 
1551 407660 35067 
1552 409745 32980 
1553 408700 35387 
1554 409245 35512 
1555 409771 38601 
1556 411853 40275 
1557 410795 40598 
1558 411321 29429 
1559 411859 37866 
1560 413935 36549 
1561 412886 32246 
1562 413421 39083 
1563 413931 38612 
1564 416051 37887 
1565 415012 39525 
1566 415539 38301 
1567 416068 39317 
1568 418170 40356 
1569 417124 38759 
1570 417617 41934 
1571 418177 37489 
1572 420297 41039 
1573 419265 38922 
1574 419747 40112 
1575 420293 36481 
1576 422411 36837 
1577 421362 37202 
1578 421919 36752 
1579 422428 37910 
1580 424562 36275 
1581 423493 40446 
1582 424028 32988 
1583 424554 41956 
1584 426684 40488 
1585 425658 39362 
1586 426179 37839 
1587 426735 35360 
1588 428814 40521 
1589 427771 35856 
1590 428305 40574 
1591 428841 44604 
1592 430940 36363 
1593 429888 33612 
1594 430420 40938 
1595 431006 36536 
1596 433095 43970 
1597 432063 37356 
1598 432596 43528 
1599 433114 40094 
1600 435247 42331 
1601 434189 45336 
1602 434727 39760 
1603 435263 37391 
1604 437423 41518 
1605 436371 38909 
1606 436896 38806 
1607 437434 39113 
1608 439599 37998 
1609 438526 39904 
1610 439062 35866 
1611 439605 42967 
1612 441708 44141 
1613 440683 39239 
1614 441243 39380 
1615 441793 36040 
1616 443942 31696 
1617 442843 43204 
1618 443412 38036 
1619 443941 44915 
1620 446120 35533 
1621 445012 39309 
1622 445604 45278 
1623 446111 40360 
1624 448314 38686 
1625 447220 38683 
1626 447764 46947 
1627 448340 36991 
1628 450482 34241 
1629 449382 39212 
1630 449948 38393 
1631 450528 43839 
1632 452687 42495 
1633 451566 46588 
1634 452149 41665 
1635 452703 41209 
1636 454878 43717 
1637 453806 43359 
1638 454374 42165 
1639 454901 38737 
1640 457071 42804 
1641 456018 44273 
1642 456544 41366 
1643 457083 39469 
1644 459305 43288 
1645 458226 45916 
1646 458751 42907 
1647 459323 40773 
1648 461541 37991 
1649 460446 39141 
1650 461008 40148 
1651 461541 43611 
1652 463745 36437 
1653 462638 41782 
1654 463190 39940 
1655 463744 42490 
1656 465955 43178 
1657 464845 37693 
1658 465445 44405 
1659 465988 40774 
1660 468196 41553 
1661 467092 43334 
1662 467662 45236 
1663 468206 36527 
1664 470449 39986 
1665 469367 41156 
1666 469886 45450 
1667 470461 40233 
1668 472699 48523 
1669 471601 40270 
1670 472154 43160 
1671 472673 45346 
1672 474922 41073 
1673 473811 39808 
1674 474372 45414 
1675 474977 43208 
1676 477205 46255 
1677 476098 42081 
1678 476673 45684 
1679 477212 41875 
1680 479469 47735 
1681 478335 39390 
1682 478930 42383 
1683 479466 45301 
1684 481738 40737 
1685 480611 43791 
1686 481199 44221 
1687 481709 37069 
1688 483979 41896 
1689 482875 43781 
1690 483435 47511 
1691 484003 41810 
1692 486253 44295 
1693 485156 45236 
1694 485717 45185 
1695 486305 40386 
1696 488560 44330 
1697 487421 45066 
1698 488008 50090 
1699 488606 46630 
1700 490874 45599 
1701 489741 50544 
1702 490273 38115 
1703 490857 45299 
1704 493128 41407 
1705 492020 49486 
1706 492576 42137 
1707 493151 49807 
1708 495436 43091 
1709 494278 48773 
1710 494869 44629 
1711 495471 46638 
1712 497726 42039 
1713 496609 39867 
1714 497175 47939 
1715 497783 46071 
1716 500025 41641 
1717 498933 44072 
1718 499481 44272 
1719 500051 42335 
1720 502348 43221 
1721 501213 42658 
1722 501776 39584 
1723 502405 42424 
1724 504711 46509 
1725 503540 44057 
1726 504113 41970 
1727 504691 47318 
1728 506998 42859 
1729 505825 47078 
1730 506443 43302 
1731 507016 46569 
1732 509294 47838 
1733 508201 47243 
1734 508779 43596 
1735 509354 47723 
1736 511667 43763 
1737 510527 50456 
1738 511088 49243 
1739 511673 51045 
1740 514014 49428 
1741 512867 47346 
1742 513453 42300 
1743 514051 44385 
1744 516367 41694 
1745 515216 45138 
1746 515776 42601 
1747 516396 45298 
1748 518709 47502 
1749 517560 44986 
1750 518135 41587 
1751 518717 44563 
1752 521060 47047 
1753 519904 54137 
1754 520501 44211 
1755 521075 42782 
1756 523419 50321 
1757 522249 43876 
1758 522828 38203 
1759 523455 50146 
1760 525807 47053 
1761 524620 51715 
1762 525229 47983 
1763 525798 44182 
1764 528137 48674 
1765 526979 45871 
1766 527570 46192 
1767 528174 41698 
1768 530525 49555 
1769 529346 44882 
1770 529976 41459 
1771 530553 45846 
1772 532942 48653 
1773 531715 46342 
1774 532313 47270 
1775 532929 49848 
1776 535319 50209 
1777 534131 47976 
1778 534702 50464 
1779 535321 49387 
1780 537655 52725 
1781 536508 45925 
1782 537109 45033 
1783 537700 45704 
1784 540084 51078 
1785 538928 42007 
1786 539488 48694 
1787 540120 41259 
1788 542491 45722 
1789 541325 52925 
1790 541890 52791 
1791 542485 46154 
1792 544865 44855 
1793 543693 46205 
1794 544322 52472 
1795 544935 44506 
1796 547321 45937 
1797 546150 43747 
1798 546739 50612 
1799 547302 48033 
1800 549773 44952 
1801 548568 44588 
1802 549181 49641 
1803 549765 51356 
1804 552162 54844 
1805 550950 47221 
1806 551593 49905 
1807 552200 46064 
1808 554595 49485 
1809 553400 51276 
1810 554008 47076 
1811 554602 46421 
1812 557040 52900 
1813 555819 50657 
1814 556437 46864 
1815 557063 53424 
1816 559487 51285 
1817 558266 48457 
1818 558884 50833 
1819 559496 50538 
1820 561936 53860 
1821 560719 42308 
1822 561332 51153 
1823 561937 53089 
1824 564344 50998 
1825 563207 52081 
1826 563750 50284 
1827 564431 50510 
1828 566852 51537 
1829 565622 48713 
1830 566243 51158 
1831 566857 48272 
1832 569269 48326 
1833 568086 47051 
1834 568701 52582 
1835 569346 47031 
1836 571769 43277 
1837 570538 51974 
1838 571163 49444 
1839 571774 52665 
1840 574246 51042 
1841 573019 49956 
1842 573619 55242 
1843 574253 45304 
1844 576674 52218 
1845 575461 48509 
1846 576099 52814 
1847 576746 47594 
1848 579203 53203 
1849 577987 50826 
1850 578593 53930 
1851 579215 53251 
1852 581675 51614 
1853 580465 56156 
1854 581078 49935 
1855 581725 48311 
1856 584154 56141 
1857 582936 43623 
1858 583575 52718 
1859 584188 56467 
1860 586676 54478 
1861 585447 50434 
1862 586089 46018 
1863 586697 53328 
1864 589197 52444 
1865 587941 58052 
1866 588553 49733 
1867 589194 50968 
1868 591723 51762 
1869 590484 51019 
1870 591099 50671 
1871 591717 48310 
1872 594227 53446 
1873 592958 53033 
1874 593613 48442 
1875 594236 54873 
1876 596748 55175 
1877 595484 58900 
1878 596115 51249 
1879 596748 53818 
1880 599288 53012 
1881 598006 48580 
1882 598644 53680 
1883 599287 52677 
1884 601807 51454 
1885 600568 55770 
1886 601171 52606 
1887 601794 52250 
1888 604336 48949 
1889 603072 48990 
1890 603730 47818 
1891 604381 53852 
1892 606880 50832 
1893 605639 46979 
1894 606266 56408 
1895 606884 48676 
1896 609434 57491 
1897 608183 53308 
1898 608824 54712 
1899 609471 54031 
1900 611986 53965 
1901 610719 53340 
1902 611354 55527 
1903 612027 55913 
1904 614524 59217 
1905 613282 50766 
1906 613922 45682 
1907 614564 54763 
1908 617115 53782 
1909 615793 55559 
1910 616484 58545 
1911 617095 52199 
1912 619655 52915 
1913 618403 55928 
1914 619026 56252 
1915 619675 51419 
1916 622262 49949 
1917 620979 60114 
1918 621599 52269 
1919 622264 62845 
1920 624849 51091 
1921 623548 58707 
1922 624207 55827 
1923 624822 51610 
1924 627434 54308 
1925 626142 53045 
1926 626789 54418 
1927 627432 54073 
1928 630049 52681 
1929 628721 56214 
1930 629366 49322 
1931 630035 54864 
1932 632594 53145 
1933 631331 52093 
1934 631956 53093 
1935 632631 55307 
1936 635237 53967 
1937 633924 58041 
1938 634592 58145 
1939 635199 54431 
1940 637806 56395 
1941 636525 56600 
1942 637163 59691 
1943 637847 61681 
1944 640454 58772 
1945 639116 55239 
1946 639789 55739 
1947 640435 58911 
1948 643028 62063 
1949 641766 54261 
1950 642391 58116 
1951 643045 53153 
1952 645660 56961 
1953 644344 52196 
1954 645036 52186 
1955 645708 54546 
1956 648288 52072 
1957 647008 56138 
1958 647651 60819 
1959 648314 58321 
1960 650943 59174 
1961 649627 60041 
1962 650305 53549 
1963 650954 53916 
1964 653566 59138 
1965 652264 62698 
1966 652912 64387 
1967 653590 61091 
1968 656193 55407 
1969 654902 52189 
1970 655563 53412 
1971 656213 56045 
1972 658860 58358 
1973 657581 65768 
1974 658225 56938 
1975 658883 50695 
1976 661518 52485 
1977 660182 57558 
1978 660887 60079 
1979 661504 50607 
1980 664143 58404 
1981 662843 64523 
1982 663570 59302 
1983 664183 58766 
1984 666853 55480 
1985 665502 54772 
1986 666209 63464 
1987 666849 58048 
1988 669541 60261 
1989 668159 54386 
1990 668816 64503 
1991 669522 56922 
1992 672197 55342 
1993 670857 55976 
1994 671496 59507 
1995 672205 63566 
1996 674848 58325 
1997 673516 66758 
1998 674209 54875 
1999 674898 61149 
2000 677540 57072 
2001 676227 57351 
2002 676865 62421 
2003 677570 55470 
2004 680217 59182 
2005 678855 54578 
2006 679524 56528 
2007 680233 52952 
2008 682881 51558 
2009 681593 58878 
2010 682235 65346 
2011 682932 62787 
2012 685620 60499 
2013 684295 61166 
2014 684922 60249 
2015 685649 60957 
2016 688348 56437 
2017 686979 56578 
2018 687663 61605 
2019 688336 61731 
2020 691022 65167 
2021 689649 60330 
2022 690358 62665 
2023 691046 58837 
2024 693755 55966 
2025 692391 59723 
2026 693077 54863 
2027 693758 62129 
2028 696455 64240 
2029 695135 62381 
2030 695798 59688 
2031 696476 57552 
2032 699166 63678 
2033 697858 60540 
2034 698531 65259 
2035 699213 60904 
2036 701939 60278 
2037 700585 63084 
2038 701275 61559 
2039 701947 65133 
2040 704681 58532 
2041 703281 58204 
2042 703982 59107 
2043 704673 58749 
2044 707420 66242 
2045 706029 58922 
2046 706690 63103 
2047 707391 60761 
2048 710152 62513 
2049 708801 61071 
2050 709469 58068 
2051 710181 63238 
2052 712946 58818 
2053 711574 64052 
2054 712238 62319 
2055 712929 60242 
2056 715684 60672 
2057 714319 62206 
2058 715038 68510 
2059 715700 62087 
2060 718473 58091 
2061 717083 58290 
2062 717779 59752 
2063 718485 59433 
2064 721246 59381 
2065 719848 63442 
2066 720548 64415 
2067 721255 64435 
2068 724005 64576 
2069 722625 60302 
2070 723318 62280 
2071 724044 64509 
2072 726835 67011 
2073 725419 61337 
2074 726133 64555 
2075 726843 62704 
2076 729635 63281 
2077 728209 58466 
2078 728930 66544 
2079 729612 59210 
2080 732399 68491 
2081 731006 62607 
2082 731749 65227 
2083 732434 64276 
2084 735205 62633 
2085 733807 67632 
2086 734532 61809 
2087 735217 57244 
2088 737998 68708 
2089 736667 64883 
2090 737322 65125 
2091 738041 53957 
2092 740832 72402 
2093 739451 68795 
2094 740151 61678 
2095 740865 66930 
2096 743641 64538 
2097 742281 68630 
2098 742994 63207 
2099 743690 62622 
2100 746484 65959 
2101 745120 61896 
2102 745799 64209 
2103 746495 67447 
2104 749346 59538 
2105 747917 65747 
2106 748634 63511 
2107 749334 65868 
2108 752192 66715 
2109 750765 62277 
2110 751470 64611 
2111 752172 66712 
2112 755023 65873 
2113 753615 68607 
2114 754319 58037 
2115 755069 59228 
2116 757852 67501 
2117 756480 64858 
2118 757181 64188 
2119 757870 60251 
2120 760726 73797 
2121 759260 61806 
2122 760006 67746 
2123 760735 62988 
2124 763583 73227 
2125 762140 63025 
2126 762858 63393 
2127 763603 68181 
2128 766417 59449 
2129 765027 69936 
2130 765732 61327 
2131 766416 69595 
2132 769311 69401 
2133 767912 64321 
2134 768616 68706 
2135 769296 73201 
2136 772167 60835 
2137 770730 61875 
2138 771495 63739 
2139 772164 71382 
2140 775030 72350 
2141 773635 61638 
2142 774349 72668 
2143 775053 69654 
2144 777944 62318 
2145 776509 66271 
2146 777246 67870 
2147 777926 62047 
2148 780822 62080 
2149 779371 67000 
2150 780104 57711 
2151 780835 71113 
2152 783694 68563 
2153 782228 71666 
2154 782994 60849 
2155 783720 73407 
2156 786584 65123 
2157 785172 64808 
2158 785887 66978 
2159 786613 65187 
2160 789490 68290 
2161 788069 67596 
2162 788790 74247 
2163 789518 63640 
2164 792413 58091 
2165 790969 59683 
2166 791706 66888 
2167 792434 64941 
2168 795315 64935 
2169 793891 71150 
2170 794638 62277 
2171 795315 67957 
2172 798241 67150 
2173 796791 66794 
2174 797528 64837 
2175 798240 70028 
2176 801173 65450 
2177 799721 73766 
2178 800472 72516 
2179 801198 63395 
2180 804100 66938 
2181 802683 64762 
2182 803354 79831 
2183 804121 68041 
2184 806997 69999 
2185 805585 78122 
2186 806315 67719 
2187 807081 69676 
2188 810009 65674 
2189 808523 77366 
2190 809284 80869 
2191 810035 66196 
2192 812911 64815 
2193 811494 68311 
2194 812218 66100 
2195 812918 72435 
2196 815920 68212 
2197 814420 76265 
2198 815180 67285 
2199 815930 67757 
2200 818838 69002 
2201 817393 73023 
2202 818120 72363 
2203 818841 64851 
2204 821813 66384 
2205 820332 73367 
2206 821086 74635 
2207 821832 65646 
2208 824774 69159 
2209 823271 67546 
2210 824035 67728 
2211 824774 72237 
2212 827734 73497 
2213 826262 75612 
2214 826986 69149 
2215 827747 70132 
2216 830705 64329 
2217 829239 77921 
2218 829960 71914 
2219 830703 69968 
2220 833712 81632 
2221 832217 74301 
2222 832970 69109 
2223 833743 67889 
2224 836681 71993 
2225 835206 69642 
2226 835942 71714 
2227 836686 69551 
2228 839702 70423 
2229 838247 77814 
2230 838973 73813 
2231 839671 76375 
2232 842704 71459 
2233 841225 77357 
2234 841971 73589 
2235 842714 65413 
2236 845705 70751 
2237 844216 67797 
2238 844981 74627 
2239 845725 72530 
2240 848676 73268 
2241 847233 74001 
2242 847966 71891 
2243 848722 72181 
2244 851730 71657 
2245 850277 70578 
2246 851009 75170 
2247 851762 71719 
2248 854756 69010 
2249 853233 72362 
2250 854011 72571 
2251 854754 72207 
2252 857786 61329 
2253 856263 73292 
2254 857044 70126 
2255 857844 75351 
2256 860793 75486 
2257 859279 74820 
2258 860049 86960 
2259 860810 71289 
2260 863852 78181 
2261 862344 74761 
2262 863125 75871 
2263 863878 73348 
2264 866902 81165 
2265 865401 74464 
2266 866139 78905 
2267 866903 71303 
2268 869934 74264 
2269 868424 79860 
2270 869197 68103 
2271 869960 71467 
2272 873009 78299 
2273 871502 77075 
2274 872244 74058 
2275 873008 79034 
2276 876053 68910 
2277 874534 75647 
2278 875280 70320 
2279 876060 75112 
2280 879120 73191 
2281 877541 77937 
2282 878389 84689 
2283 879141 72084 
2284 882181 76031 
2285 880668 75708 
2286 881408 68974 
2287 882189 72389 
2288 885263 76828 
2289 883765 74758 
2290 884544 71741 
2291 885300 71571 
2292 888330 74298 
2293 886795 82875 
2294 887610 82299 
2295 888366 77846 
2296 891410 82199 
2297 889892 75801 
2298 890651 66051 
2299 891454 80449 
2300 894558 72030 
2301 892973 75989 
2302 893731 76406 
2303 894513 80777 
2304 897622 77816 
2305 896078 76348 
2306 896839 79284 
2307 897622 77192 
2308 900734 90336 
2309 899153 73184 
2310 899946 74738 
2311 900766 76586 
2312 903841 75918 
2313 902295 75588 
2314 903083 88860 
2315 903828 75362 
2316 906914 81994 
2317 905445 78257 
2318 906190 72757 
2319 906940 72561 
2320 910079 77996 
2321 908505 79587 
2322 909299 78005 
2323 910103 75291 
2324 913164 81612 
2325 911627 69709 
2326 912447 73874 
2327 913215 74607 
2328 916262 76692 
2329 914752 87405 
2330 915538 83978 
2331 916316 79046 
2332 919437 70609 
2333 917885 71695 
2334 918681 83490 
2335 919434 81761 
2336 922610 77850 
2337 921004 77818 
2338 921811 76689 
2339 922613 74285 
2340 925717 75610 
2341 924170 79427 
2342 924908 80878 
2343 925734 72613 
2344 928880 69282 
2345 927318 85507 
2346 928100 79499 
2347 928884 75002 
2348 932019 82951 
2349 930435 86917 
2350 931253 75293 
2351 932058 78265 
2352 935181 85656 
2353 933612 77039 
2354 934416 83401 
2355 935184 76438 
2356 938339 82080 
2357 936787 80596 
2358 937558 80913 
2359 938362 81221 
2360 941531 87050 
2361 939954 70441 
2362 940757 74265 
2363 941551 82433 
2364 944656 82280 
2365 943086 85627 
2366 943894 86451 
2367 944694 81294 
2368 947855 79346 
2369 946291 77358 
2370 947072 88679 
2371 947903 75569 
2372 951074 76605 
2373 949458 79262 
2374 950316 83521 
2375 951071 75719 
2376 954223 83047 
2377 952673 84147 
2378 953454 77198 
2379 954248 84301 
2380 957415 80555 
2381 955839 79832 
2382 956637 86027 
2383 957450 76923 
2384 960670 80314 
2385 959052 79449 
2386 959822 82811 
2387 960631 87816 
2388 963861 82416 
2389 962235 82443 
2390 963055 77997 
2391 963870 81368 
2392 967027 90054 
2393 965478 81185 
2394 966268 91226 
2395 967087 81287 
2396 970284 82002 
2397 968702 81080 
2398 969494 84637 
2399 970297 84702 
2400 973506 77916 
2401 971905 84167 
2402 972686 84813 
2403 973537 86772 
2404 976761 79198 
2405 975108 80226 
2406 975929 79579 
2407 976742 84351 
2408 979961 82309 
2409 978361 84720 
2410 979225 89106 
2411 980010 84751 
2412 983241 78327 
2413 981609 76310 
2414 982395 80986 
2415 983217 82946 
2416 986457 80134 
2417 984853 86090 
2418 985671 82972 
2419 986445 74319 
2420 989685 90364 
2421 988087 81962 
2422 988932 78673 
2423 989723 79986 
2424 992968 83255 
2425 991338 82875 
2426 992147 89318 
2427 992979 85222 
2428 996235 84115 
2429 994608 86775 
2430 995402 78299 
2431 996227 95976 
2432 999467 89538 
2433 997861 89683 
2434 998692 83296 
2435 999493 77859 
2436 1002754 89859 
2437 1001168 82401 
2438 1001968 98729 
2439 1002787 88936 
2440 1006067 85644 
2441 1004431 88881 
2442 1005279 82460 
2443 1006076 83470 
2444 1009313 84064 
2445 1007725 88682 
2446 1008528 84710 
2447 1009365 77637 
2448 1012613 76155 
2449 1010968 79719 
2450 1011816 86146 
2451 1012584 88040 
2452 1015961 88199 
2453 1014262 92967 
2454 1015088 85672 
2455 1015938 85363 
2456 1019252 84199 
2457 1017607 94676 
2458 1018400 91922 
2459 1019232 78323 
2460 1022499 79237 
2461 1020874 83540 
2462 1021686 82098 
2463 1022533 87688 
2464 1025858 83919 
2465 1024175 86553 
2466 1025044 81715 
2467 1025868 79487 
2468 1029168 85824 
2469 1027528 93303 
2470 1028327 86832 
2471 1029190 83157 
2472 1032459 90607 
2473 1030794 80873 
2474 1031643 92674 
2475 1032461 84044 
2476 1035768 91349 
2477 1034114 93272 
2478 1034944 90964 
2479 1035790 84086 
2480 1039104 84608 
2481 1037478 84551 
2482 1038272 88037 
2483 1039123 91466 
2484 1042415 95556 
2485 1040785 88312 
2486 1041635 93086 
2487 1042446 91347 
2488 1045733 88003 
2489 1044127 79888 
2490 1044947 87028 
2491 1045779 87976 
2492 1049138 89610 
2493 1047466 98891 
2494 1048298 87441 
2495 1049130 92573 
2496 1052513 84764 
2497 1050844 94878 
2498 1051633 87468 
2499 1052507 98400 
2500 1055860 85579 
2501 1054146 92822 
2502 1055003 94995 
2503 1055851 95726 
2504 1059201 87451 
2505 1057543 99143 
2506 1058349 98428 
2507 1059204 87431 
2508 1062597 80702 
2509 1060924 79939 
2510 1061767 88547 
2511 1062552 91546 
2512 1065902 88182 
2513 1064245 98773 
2514 1065077 89985 
2515 1065974 83034 
2516 1069277 92664 
2517 1067615 92194 
2518 1068453 92623 
2519 1069322 89953 
2520 1072705 90697 
2521 1071016 88440 
2522 1071852 85039 
2523 1072703 82747 
2524 1076082 83473 
2525 1074403 80314 
2526 1075277 82454 
2527 1076121 84054 
2528 1079492 88696 
2529 1077793 95376 
2530 1078666 91293 
2531 1079484 95194 
2532 1082895 90080 
2533 1081173 91919 
2534 1082033 81942 
2535 1082885 94145 
2536 1086287 90369 
2537 1084606 91328 
2538 1085411 89891 
2539 1086291 83621 
2540 1089680 90165 
2541 1088024 101224 
2542 1088854 93855 
2543 1089738 87404 
2544 1093108 81601 
2545 1091422 90362 
2546 1092269 94746 
2547 1093108 90804 
2548 1096488 94930 
2549 1094806 95137 
2550 1095678 99283 
2551 1096531 89584 
2552 1099965 83209 
2553 1098290 84343 
2554 1099099 88871 
2555 1099977 97967 
2556 1103355 85502 
2557 1101661 89378 
2558 1102543 89319 
2559 1103381 94742 
2560 1106787 96308 
2561 1105088 93547 
2562 1105970 89690 
2563 1106779 98874 
2564 1110198 91205 
2565 1108540 92337 
2566 1109425 95284 
2567 1110237 86889 
2568 1113699 92400 
2569 1111970 88325 
2570 1112830 93699 
2571 1113673 86501 
2572 1117154 101613 
2573 1115447 97243 
2574 1116252 98834 
2575 1117161 88073 
2576 1120617 91619 
2577 1118859 94424 
2578 1119750 103645 
2579 1120654 93031 
2580 1124084 90335 
2581 1122336 89706 
2582 1123265 91158 
2583 1124111 90925 
2584 1127565 94451 
2585 1125812 93794 
2586 1126713 94599 
2587 1127573 89987 
2588 1131019 97691 
2589 1129285 97047 
2590 1130163 93530 
2591 1131022 94186 
2592 1134488 94773 
2593 1132794 93150 
2594 1133676 99980 
2595 1134564 97743 
2596 1138026 94685 
2597 1136280 109736 
2598 1137126 93770 
2599 1138037 96201 
2600 1141508 93278 
2601 1139748 92228 
2602 1140605 94380 
2603 1141511 100699 
2604 1145002 95509 
2605 1143221 95724 
2606 1144129 107563 
2607 1144977 101029 
2608 1148463 97525 
2609 1146742 91984 
2610 1147586 94898 
2611 1148521 95874 
2612 1151960 93270 
2613 1150197 95952 
2614 1151095 100992 
2615 1151994 101861 
2616 1155489 101354 
2617 1153757 96316 
2618 1154612 95750 
2619 1155483 92784 
2620 1159028 96613 
2621 1157260 97060 
2622 1158142 102136 
2623 1159005 97472 
2624 1162536 92935 
2625 1160774 96859 
2626 1161651 98253 
2627 1162530 95663 
2628 1166091 103811 
2629 1164311 94772 
2630 1165200 95454 
2631 1166041 99675 
2632 1169588 98481 
2633 1167855 98450 
2634 1168736 94689 
2635 1169578 95656 
2636 1173121 95276 
2637 1171396 105649 
2638 1172249 94436 
2639 1173136 98833 
2640 1176661 93104 
2641 1174921 98094 
2642 1175787 103393 
2643 1176703 101389 
2644 1180210 91465 
2645 1178497 103769 
2646 1179325 105168 
2647 1180290 96428 
2648 1183806 101073 
2649 1182036 98251 
2650 1182937 93522 
2651 1183822 97256 
2652 1187338 93461 
2653 1185578 92695 
2654 1186486 105021 
2655 1187357 84127 
2656 1190852 85821 
2657 1189150 101558 
2658 1190004 109139 
2659 1190905 98547 
2660 1194484 99167 
2661 1192681 97271 
2662 1193613 106427 
2663 1194515 92139 
2664 1198046 102041 
2665 1196344 103586 
2666 1197184 105144 
2667 1198045 94790 
2668 1201605 101771 
2669 1199818 96580 
2670 1200711 96317 
2671 1201621 98756 
2672 1205191 105618 
2673 1203426 104011 
2674 1204349 94590 
2675 1205231 102459 
2676 1208806 96513 
2677 1207048 99007 
2678 1207943 94455 
2679 1208828 99390 
2680 1212432 107915 
2681 1210622 101519 
2682 1211513 98903 
2683 1212439 99221 
2684 1216025 94542 
2685 1214236 96814 
2686 1215118 113659 
2687 1216025 98795 
2688 1219595 96736 
2689 1217827 108360 
2690 1218695 101841 
2691 1219679 108195 
2692 1223240 110142 
2693 1221420 100960 
2694 1222318 102691 
2695 1223236 111209 
2696 1226834 94590 
2697 1225036 102812 
2698 1225926 99244 
2699 1226888 101728 
2700 1230465 99351 
2701 1228650 100962 
2702 1229610 100459 
2703 1230496 101322 
2704 1234103 99025 
2705 1232300 103324 
2706 1233234 102838 
2707 1234119 102247 
2708 1237748 110203 
2709 1235925 96788 
2710 1236870 107168 
2711 1237748 123101 
2712 1241401 102289 
2713 1239598 108373 
2714 1240486 107073 
2715 1241415 102392 
2716 1244998 105511 
2717 1243261 101303 
2718 1244167 105011 
2719 1245050 104582 
2720 1248706 101791 
2721 1246888 115585 
2722 1247793 112276 
2723 1248752 109401 
2724 1252349 100697 
2725 1250532 104406 
2726 1251453 107308 
2727 1252369 108388 
2728 1256028 106963 
2729 1254194 108581 
2730 1255128 97168 
2731 1255974 101088 
2732 1259663 105814 
2733 1257844 107052 
2734 1258753 94385 
2735 1259671 110450 
2736 1263330 98389 
2737 1261529 102420 
2738 1262468 105602 
2739 1263364 103289 
2740 1266991 112378 
2741 1265222 106565 
2742 1266138 109445 
2743 1267017 105590 
2744 1270685 99924 
2745 1268857 106593 
2746 1269762 104644 
2747 1270694 105977 
2748 1274364 103545 
2749 1272503 103992 
2750 1273486 104274 
2751 1274439 100818 
2752 1278055 101199 
2753 1276222 108583 
2754 1277182 99010 
2755 1278104 107755 
2756 1281784 103010 
2757 1279946 116712 
2758 1280840 104274 
2759 1281771 103513 
2760 1285461 110647 
2761 1283577 112396 
2762 1284590 106226 
2763 1285483 112742 
2764 1289167 100487 
2765 1287308 104903 
2766 1288229 97141 
2767 1289189 100273 
2768 1292867 110373 
2769 1291015 110750 
2770 1291988 110801 
2771 1292877 113500 
2772 1296604 104928 
2773 1294708 101452 
2774 1295675 118163 
2775 1296590 95275 
2776 1300332 102850 
2777 1298492 105315 
2778 1299403 94409 
2779 1300327 103215 
2780 1304056 98268 
2781 1302200 105951 
2782 1303138 106672 
2783 1304039 99353 
2784 1307767 101610 
2785 1305888 109966 
2786 1306861 110299 
2787 1307803 117297 
2788 1311543 107373 
2789 1309642 108612 
2790 1310550 107509 
2791 1311485 111778 
2792 1315236 108493 
2793 1313395 111933 
2794 1314349 110431 
2795 1315248 108649 
2796 1319011 105889 
2797 1317142 106521 
2798 1318056 117951 
2799 1318977 112845 
2800 1322761 111944 
2801 1320911 106962 
2802 1321834 113320 
2803 1322799 118397 
2804 1326527 101696 
2805 1324644 118204 
2806 1325618 108034 
2807 1326492 110097 
2808 1330283 101856 
2809 1328446 106171 
2810 1329362 112194 
2811 1330304 118384 
2812 1334012 112253 
2813 1332192 115067 
2814 1333124 108267 
2815 1334078 110963 
2816 1337857 103545 
2817 1335964 118480 
2818 1336926 122987 
2819 1337861 105309 
2820 1341637 110131 
2821 1339719 110018 
2822 1340676 121757 
2823 1341654 108588 
2824 1345425 107695 
2825 1343546 102494 
2826 1344474 119826 
2827 1345444 112626 
2828 1349201 123491 
2829 1347323 123235 
2830 1348254 119895 
2831 1349203 104906 
2832 1353017 107589 
2833 1351120 114619 
2834 1352050 104183 
2835 1353055 113127 
2836 1356767 123865 
2837 1354883 114304 
2838 1355853 110501 
2839 1356833 98701 
2840 1360594 122886 
2841 1358735 111947 
2842 1359632 116501 
2843 1360642 110743 
2844 1364417 112888 
2845 1362513 105785 
2846 1363480 106370 
2847 1364468 125130 
2848 1368271 112240 
2849 1366344 108309 
2850 1367326 115098 
2851 1368245 108630 
2852 1372068 114542 
2853 1370201 110400 
2854 1371154 112283 
2855 1372110 110985 
2856 1375913 110336 
2857 1373993 107289 
2858 1374939 122018 
2859 1375942 121649 
2860 1379742 117479 
2861 1377833 122855 
2862 1378803 114589 
2863 1379767 120263 
2864 1383582 113777 
2865 1381671 110297 
2866 1382646 111676 
2867 1383605 112693 
2868 1387426 110471 
2869 1385500 111544 
2870 1386499 104197 
2871 1387447 111210 
2872 1391280 115858 
2873 1389410 111460 
2874 1390334 121731 
2875 1391292 114855 
2876 1395161 107721 
2877 1393236 109597 
2878 1394216 119129 
2879 1395179 117172 
2880 1398999 111634 
2881 1397134 122469 
2882 1398068 121766 
2883 1399030 120230 
2884 1402889 116051 
2885 1400948 122260 
2886 1401928 103130 
2887 1402897 125491 
2888 1406807 122852 
2889 1404843 127448 
2890 1405761 109541 
2891 1406762 117950 
2892 1410657 120995 
2893 1408717 105035 
2894 1409684 110163 
2895 1410659 116682 
2896 1414514 112547 
2897 1412582 109473 
2898 1413578 115082 
2899 1414533 116023 
2900 1418399 112894 
2901 1416493 117604 
2902 1417463 106252 
2903 1418435 128024 
2904 1422304 112377 
2905 1420360 106421 
2906 1421303 108975 
2907 1422342 117029 
2908 1426170 118937 
2909 1424256 114209 
2910 1425245 106966 
2911 1426252 116978 
2912 1430098 122373 
2913 1428176 120122 
2914 1429134 122637 
2915 1430103 117709 
2916 1433995 120705 
2917 1432091 122854 
2918 1433042 124323 
2919 1434053 122647 
2920 1437960 109972 
2921 1435987 123722 
2922 1436995 126274 
2923 1437939 120616 
2924 1441899 126948 
2925 1439905 117534 
2926 1440910 124682 
2927 1441891 116690 
2928 1445795 111676 
2929 1443868 112982 
2930 1444817 119875 
2931 1445798 125489 
2932 1449710 114587 
2933 1447724 130515 
2934 1448716 114081 
2935 1449683 119425 
2936 1453661 119235 
2937 1451648 123936 
2938 1452722 117476 
2939 1453683 113033 
2940 1457610 120715 
2941 1455637 116073 
2942 1456609 125905 
2943 1457597 128507 
2944 1461582 126469 
2945 1459555 116894 
2946 1460598 120748 
2947 1461576 127226 
2948 1465505 111251 
2949 1463539 133189 
2950 1464563 115194 
2951 1465524 121771 
2952 1469478 109885 
2953 1467487 127327 
2954 1468469 118041 
2955 1469501 110685 
2956 1473393 115435 
2957 1471482 132737 
2958 1472475 116179 
2959 1473453 126609 
2960 1477424 114729 
2961 1475397 120091 
2962 1476435 131401 
2963 1477370 124375 
2964 1481310 124295 
2965 1479422 120465 
2966 1480354 115201 
2967 1481449 133124 
2968 1485357 112674 
2969 1483345 123643 
2970 1484387 111059 
2971 1485375 123294 
2972 1489293 123188 
2973 1487360 131141 
2974 1488347 122880 
2975 1489391 118125 
2976 1493341 110329 
2977 1491366 112869 
2978 1492329 120015 
2979 1493323 123367 
2980 1497332 112716 
2981 1495327 127393 
2982 1496329 129218 
2983 1497330 131341 
2984 1501322 112649 
2985 1499311 119510 
2986 1500314 130878 
2987 1501311 130919 
2988 1505320 128744 
2989 1503317 123602 
2990 1504314 114727 
2991 1505283 128779 
2992 1509264 123577 
2993 1507325 117099 
2994 1508336 115613 
2995 1509358 126940 
2996 1513323 125734 
2997 1511353 121381 
2998 1512334 121118 
2999 1513364 113107 
3000 1517330 128764 
3001 1515325 125812 
3002 1516376 129115 
3003 1517381 122359 
3004 1521393 124713 
3005 1519370 133263 
3006 1520405 125878 
3007 1521396 122612 
3008 1525390 135865 
3009 1523396 141068 
3010 1524467 128558 
3011 1525436 123660 
3012 1529440 130716 
3013 1527484 117169 
3014 1528467 119608 
3015 1529470 124332 
3016 1533530 119161 
3017 1531501 127909 
3018 1532534 130927 
3019 1533518 122816 
3020 1537549 128695 
3021 1535554 122466 
3022 1536526 116107 
3023 1537567 122266 
3024 1541589 118990 
3025 1539595 130103 
3026 1540541 129411 
3027 1541630 133804 
3028 1545644 126284 
3029 1543611 127890 
3030 1544636 125322 
3031 1545644 126643 
3032 1549723 124988 
3033 1547685 116452 
3034 1548661 128873 
3035 1549699 132571 
3036 1553759 125758 
3037 1551766 140723 
3038 1552803 129913 
3039 1553760 132214 
3040 1557878 118452 
3041 1555833 123625 
3042 1556827 131815 
3043 1557835 117774 
3044 1561935 124555 
3045 1559896 132947 
3046 1560885 118155 
3047 1561978 127580 
3048 1566021 137113 
3049 1563990 125405 
3050 1564993 128054 
3051 1566009 120401 
3052 1570133 131942 
3053 1568136 140107 
3054 1569095 127197 
3055 1570103 127998 
3056 1574209 121153 
3057 1572152 126001 
3058 1573178 128515 
3059 1574207 123536 
3060 1578310 131980 
3061 1576266 112634 
3062 1577296 117634 
3063 1578303 130144 
3064 1582415 129027 
3065 1580359 135574 
3066 1581414 129417 
3067 1582440 124197 
3068 1586508 126863 
3069 1584514 134346 
3070 1585521 128592 
3071 1586561 131902 
3072 1590644 116987 
3073 1588604 126100 
3074 1589652 132963 
3075 1590664 134182 
3076 1594753 121882 
3077 1592708 128150 
3078 1593772 133602 
3079 1594767 124400 
3080 1598891 129878 
3081 1596866 131859 
3082 1597894 124326 
3083 1598902 127138 
3084 1603039 134564 
3085 1600995 132446 
3086 1601990 131349 
3087 1603057 136019 
3088 1607186 127361 
3089 1605126 128329 
3090 1606150 133461 
3091 1607202 142598 
3092 1611313 136682 
3093 1609258 127355 
3094 1610310 141689 
3095 1611348 138213 
3096 1615483 126654 
3097 1613444 130978 
3098 1614477 125380 
3099 1615511 129322 
3100 1619665 120000 
3101 1617587 134905 
3102 1618635 129864 
3103 1619627 124110 
3104 1623805 124851 
3105 1621783 145498 
3106 1622793 130397 
3107 1623817 127219 
3108 1628021 129550 
3109 1625938 134235 
3110 1626989 138183 
3111 1627999 134187 
3112 1632165 117920 
3113 1630111 129194 
3114 1631153 127673 
3115 1632155 122359 
3116 1636347 139456 
3117 1634259 136835 
3118 1635332 136182 
3119 1636326 135810 
3120 1640485 129830 
3121 1638414 127591 
3122 1639484 132628 
3123 1640493 132436 
3124 1644686 131021 
3125 1642608 129043 
3126 1643693 138711 
3127 1644704 125325 
3128 1648886 139042 
3129 1646843 135524 
3130 1647848 136147 
3131 1648890 138211 
3132 1653136 132184 
3133 1650979 142430 
3134 1652076 147063 
3135 1653103 139670 
3136 1657289 137926 
3137 1655202 141472 
3138 1656244 142045 
3139 1657298 142521 
3140 1661478 132348 
3141 1659429 136822 
3142 1660451 130300 
3143 1661516 130734 
3144 1665760 129610 
3145 1663648 129491 
3146 1664709 139129 
3147 1665749 126875 
3148 1669954 145101 
3149 1667828 127864 
3150 1668898 133861 
3151 1669959 143405 
3152 1674181 127782 
3153 1672079 133957 
3154 1673127 126593 
3155 1674198 136085 
3156 1678410 148839 
3157 1676330 131294 
3158 1677404 135687 
3159 1678440 141551 
3160 1682623 131218 
3161 1680520 134185 
3162 1681596 139666 
3163 1682655 131780 
3164 1686898 126832 
3165 1684767 130917 
3166 1685825 131934 
3167 1686903 128833 
3168 1691113 132145 
3169 1688981 144369 
3170 1690050 135368 
3171 1691198 133947 
3172 1695387 136313 
3173 1693258 136921 
3174 1694334 129090 
3175 1695402 137547 
3176 1699659 131991 
3177 1697493 132394 
3178 1698576 145467 
3179 1699640 140246 
3180 1703920 143938 
3181 1701772 137795 
3182 1702853 135604 
3183 1703929 147417 
3184 1708188 136036 
3185 1706082 145972 
3186 1707113 141963 
3187 1708171 144964 
3188 1712452 145010 
3189 1710354 132127 
3190 1711408 132934 
3191 1712439 140239 
3192 1716707 131819 
3193 1714558 137039 
3194 1715658 143190 
3195 1716775 133137 
3196 1721008 139381 
3197 1718869 145383 
3198 1719916 151736 
3199 1721011 142259 
3200 1725242 150242 
3201 1723142 156499 
3202 1724259 131288 
3203 1725303 149281 
3204 1729631 151467 
3205 1727441 136413 
3206 1728527 129986 
3207 1729616 138592 
3208 1733924 136046 
3209 1731767 134106 
3210 1732855 141307 
3211 1733944 135883 
3212 1738165 153132 
3213 1736085 133857 
3214 1737158 139360 
3215 1738267 142248 
3216 1742515 138542 
3217 1740383 135050 
3218 1741440 141265 
3219 1742510 139616 
3220 1746833 149693 
3221 1744703 131696 
3222 1745774 136974 
3223 1746843 148917 
3224 1751137 150154 
3225 1748993 145158 
3226 1750087 144415 
3227 1751203 147199 
3228 1755493 143527 
3229 1753352 142447 
3230 1754413 136499 
3231 1755540 132178 
3232 1759819 144918 
3233 1757670 138608 
3234 1758767 150489 
3235 1759809 147539 
3236 1764194 145478 
3237 1762050 145996 
3238 1763078 129097 
3239 1764185 137314 
3240 1768526 134393 
3241 1766360 147437 
3242 1767397 144178 
3243 1768501 145290 
3244 1772859 142527 
3245 1770672 140870 
3246 1771804 131547 
3247 1772873 149400 
3248 1777233 147474 
3249 1775034 143088 
3250 1776086 137953 
3251 1777204 134302 
3252 1781487 152351 
3253 1779381 144025 
3254 1780451 135636 
3255 1781546 143880 
3256 1785880 137668 
3257 1783740 138435 
3258 1784825 145064 
3259 1785931 148416 
3260 1790266 158542 
3261 1788105 142861 
3262 1789194 144454 
3263 1790289 146047 
3264 1794664 141779 
3265 1792519 136398 
3266 1793569 148707 
3267 1794654 146507 
3268 1799000 151347 
3269 1796881 137672 
3270 1798009 151572 
3271 1799042 145862 
3272 1803446 148018 
3273 1801297 142805 
3274 1802385 147989 
3275 1803446 161419 
3276 1807787 148449 
3277 1805668 147489 
3278 1806731 134079 
3279 1807877 152084 
3280 1812224 136164 
3281 1810051 144646 
3282 1811149 153015 
3283 1812205 139947 
3284 1816609 148491 
3285 1814417 154476 
3286 1815532 160241 
3287 1816658 137855 
3288 1821076 155149 
3289 1818856 156451 
3290 1819946 158221 
3291 1821012 135602 
3292 1825437 155759 
3293 1823227 147270 
3294 1824310 148399 
3295 1825466 140720 
3296 1829832 149845 
3297 1827658 142589 
3298 1828745 149327 
3299 1829874 156090 
3300 1834276 150113 
3301 1832028 151060 
3302 1833180 150969 
3303 1834280 138086 
3304 1838697 141039 
3305 1836539 151680 
3306 1837589 143199 
3307 1838715 150868 
3308 1843142 151920 
3309 1840929 152090 
3310 1842073 143556 
3311 1843191 146608 
3312 1847594 150153 
3313 1845334 161198 
3314 1846482 154431 
3315 1847591 149365 
3316 1852026 159659 
3317 1849784 159844 
3318 1850945 149666 
3319 1852045 145952 
3320 1856436 153577 
3321 1854218 142578 
3322 1855326 150796 
3323 1856391 143748 
3324 1860885 148480 
3325 1858658 149498 
3326 1859812 146516 
3327 1860864 158875 
3328 1865372 142622 
3329 1863126 151812 
3330 1864254 143362 
3331 1865369 154287 
3332 1869858 145119 
3333 1867568 152371 
3334 1868754 156433 
3335 1869874 148916 
3336 1874276 152303 
3337 1872115 161015 
3338 1873190 142140 
3339 1874344 150658 
3340 1878754 157108 
3341 1876600 162799 
3342 1877672 141945 
3343 1878814 162412 
3344 1883299 167323 
3345 1881036 151546 
3346 1882172 147205 
3347 1883310 154442 
3348 1887755 165419 
3349 1885499 157901 
3350 1886669 159410 
3351 1887757 154983 
3352 1892245 158959 
3353 1890031 151920 
3354 1891139 151033 
3355 1892272 165801 
3356 1896727 149478 
3357 1894494 152361 
3358 1895642 160346 
3359 1896739 143137 
3360 1901259 155121 
3361 1899028 160865 
3362 1900097 159238 
3363 1901271 150035 
3364 1905764 167014 
3365 1903500 154896 
3366 1904612 165357 
3367 1905788 154284 
3368 1910297 156546 
3369 1908059 158811 
3370 1909159 141028 
3371 1910285 150572 
3372 1914803 163260 
3373 1912530 149207 
3374 1913652 149922 
3375 1914803 151269 
3376 1919325 155388 
3377 1917108 147521 
3378 1918199 152402 
3379 1919340 153228 
3380 1923856 157887 
3381 1921602 167521 
3382 1922719 162328 
3383 1923824 154394 
3384 1928376 146567 
3385 1926118 170501 
3386 1927247 158424 
3387 1928354 155597 
3388 1932887 153703 
3389 1930685 144098 
3390 1931759 156420 
3391 1932958 146680 
3392 1937444 148499 
3393 1935180 155558 
3394 1936304 157486 
3395 1937440 163252 
3396 1941955 155342 
3397 1939780 152563 
3398 1940863 151773 
3399 1942056 160179 
3400 1946530 172185 
3401 1944332 152790 
3402 1945421 156042 
3403 1946607 161616 
3404 1951110 160094 
3405 1948807 165620 
3406 1950031 157900 
3407 1951147 151834 
3408 1955695 159863 
3409 1953424 152958 
3410 1954615 167888 
3411 1955739 155803 
3412 1960254 177411 
3413 1957984 171320 
3414 1959116 156432 
3415 1960268 158020 
3416 1964841 148968 
3417 1962558 158766 
3418 1963696 165696 
3419 1964824 150199 
3420 1969428 154616 
3421 1967137 153405 
3422 1968283 164342 
3423 1969423 158783 
3424 1973966 153079 
3425 1971738 156954 
3426 1972831 153977 
3427 1974027 165372 
3428 1978556 162804 
3429 1976312 166505 
3430 1977458 164494 
3431 1978545 162561 
3432 1983216 161285 
3433 1980892 164170 
3434 1982066 151387 
3435 1983226 157333 
3436 1987842 151814 
3437 1985491 152532 
3438 1986665 168394 
3439 1987849 159246 
3440 1992406 155692 
3441 1990120 160309 
3442 1991260 161221 
3443 1992357 176416 
3444 1997067 159367 
3445 1994789 166184 
3446 1995924 149074 
3447 1997073 165678 
3448 2001623 148798 
3449 1999367 165412 
3450 2000491 151371 
3451 2001644 167483 
3452 2006279 162929 
3453 2003980 171464 
3454 2005125 159286 
3455 2006216 159489 
3456 2010860 156280 
3457 2008613 161039 
3458 2009793 167194 
3459 2010912 163404 
3460 2015526 160123 
3461 2013184 156633 
3462 2014383 164043 
3463 2015572 173652 
3464 2020129 172956 
3465 2017886 176472 
3466 2019047 170428 
3467 2020187 169096 
3468 2024801 154746 
3469 2022533 161270 
3470 2023710 161437 
3471 2024856 163456 
3472 2029472 176748 
3473 2027232 168438 
3474 2028375 170639 
3475 2029492 166411 
3476 2034164 156837 
3477 2031774 156430 
3478 2032994 153912 
3479 2034172 165079 
3480 2038786 161411 
3481 2036446 159806 
3482 2037659 164098 
3483 2038813 173535 
3484 2043445 172064 
3485 2041138 159966 
3486 2042294 162330 
3487 2043460 161501 
3488 2048137 172789 
3489 2045829 161425 
3490 2046959 178769 
3491 2048138 169285 
3492 2052808 175420 
3493 2050495 164766 
3494 2051695 153677 
3495 2052831 172045 
3496 2057485 175264 
3497 2055165 161518 
3498 2056334 168732 
3499 2057523 152366 
3500 2062195 149099 
3501 2059820 163359 
3502 2061005 164681 
3503 2062202 161654 
3504 2066878 163032 
3505 2064543 170137 
3506 2065731 157865 
3507 2066888 164802 
3508 2071599 173100 
3509 2069232 161920 
3510 2070406 166533 
3511 2071581 159026 
3512 2076298 153689 
3513 2073936 174200 
3514 2075082 181233 
3515 2076310 164310 
3516 2080990 160609 
3517 2078607 168858 
3518 2079797 162209 
3519 2081004 165535 
3520 2085666 164601 
3521 2083366 162111 
3522 2084537 179419 
3523 2085718 162441 
3524 2090453 169080 
3525 2088074 172468 
3526 2089244 169359 
3527 2090412 168787 
3528 2095113 175696 
3529 2092773 174347 
3530 2093997 168080 
3531 2095169 159333 
3532 2099874 176117 
3533 2097533 168065 
3534 2098709 162939 
3535 2099902 172536 
3536 2104591 168130 
3537 2102262 168764 
3538 2103443 173622 
3539 2104603 167365 
3540 2109356 161442 
3541 2106995 172748 
3542 2108194 167099 
3543 2109399 164491 
3544 2114098 168663 
3545 2111736 168098 
3546 2112904 161757 
3547 2114120 179244 
3548 2118819 177497 
3549 2116532 166084 
3550 2117708 175162 
3551 2118887 165797 
3552 2123604 164494 
3553 2121206 189250 
3554 2122425 169670 
3555 2123654 171472 
3556 2128392 174496 
3557 2126004 170797 
3558 2127207 169820 
3559 2128375 171656 
3560 2133119 169980 
3561 2130744 163995 
3562 2131958 171333 
3563 2133144 177041 
3564 2137940 177620 
3565 2135528 178505 
3566 2136733 154664 
3567 2137901 175485 
3568 2142669 166751 
3569 2140303 163037 
3570 2141514 160587 
3571 2142710 167864 
3572 2147434 170497 
3573 2145099 177039 
3574 2146286 164657 
3575 2147464 177909 
3576 2152244 161221 
3577 2149851 159353 
3578 2151045 179357 
3579 2152271 150716 
3580 2157049 166033 
3581 2154667 181963 
3582 2155910 174061 
3583 2157071 163647 
3584 2161839 158762 
3585 2159428 173097 
3586 2160638 166343 
3587 2161852 180878 
3588 2166629 166135 
3589 2164309 168260 
3590 2165489 182218 
3591 2166671 177418 
3592 2171430 174571 
3593 2169093 172718 
3594 2170260 172793 
3595 2171448 172476 
3596 2176326 185048 
3597 2173871 166059 
3598 2175107 185629 
3599 2176261 183050 
3600 2181100 185208 
3601 2178668 172515 
3602 2179910 174541 
3603 2181120 160324 
3604 2185880 173409 
3605 2183551 177612 
3606 2184767 183564 
3607 2185925 175530 
3608 2190747 172705 
3609 2188301 191462 
3610 2189545 166315 
3611 2190794 166653 
3612 2195612 165404 
3613 2193157 184321 
3614 2194356 176545 
3615 2195577 174517 
3616 2200439 180669 
3617 2198022 180291 
3618 2199262 191840 
3619 2200473 182195 
3620 2205322 184756 
3621 2202911 169449 
3622 2204138 173987 
3623 2205333 162273 
3624 2210116 187101 
3625 2207797 175085 
3626 2209011 178252 
3627 2210184 150262 
3628 2215028 181909 
3629 2212601 176952 
3630 2213850 179096 
3631 2215041 181372 
3632 2219878 179070 
3633 2217492 176166 
3634 2218715 177228 
3635 2219968 176945 
3636 2224801 174853 
3637 2222327 159999 
3638 2223593 179798 
3639 2224766 174800 
3640 2229644 187752 
3641 2227237 171269 
3642 2228406 164992 
3643 2229695 184688 
3644 2234502 199206 
3645 2232101 182737 
3646 2233272 177870 
3647 2234536 185814 
3648 2239391 186347 
3649 2236945 168813 
3650 2238168 199764 
3651 2239408 179759 
3652 2244265 175456 
3653 2241845 181840 
3654 2243047 173713 
3655 2244290 181010 
3656 2249210 179560 
3657 2246736 178952 
3658 2247981 186903 
3659 2249209 172592 
3660 2254039 189976 
3661 2251623 169365 
3662 2252840 168591 
3663 2254089 173023 
3664 2258991 181809 
3665 2256591 174487 
3666 2257769 172534 
3667 2258967 173970 
3668 2263908 172477 
3669 2261443 182708 
3670 2262679 181964 
3671 2263930 171252 
3672 2268860 187388 
3673 2266379 188376 
3674 2267601 169293 
3675 2268865 189532 
3676 2273779 166076 
3677 2271281 178758 
3678 2272491 173279 
3679 2273769 184915 
3680 2278682 181676 
3681 2276219 177903 
3682 2277463 197428 
3683 2278717 179217 
3684 2283611 185604 
3685 2281174 190787 
3686 2282364 191992 
3687 2283655 200590 
3688 2288592 184016 
3689 2286054 179870 
3690 2287318 187636 
3691 2288559 188941 
3692 2293534 181931 
3693 2291065 175344 
3694 2292299 174153 
3695 2293527 182419 
3696 2298383 200381 
3697 2295976 184606 
3698 2297187 190386 
3699 2298479 183243 
3700 2303364 184576 
3701 2300944 176264 
3702 2302188 181866 
3703 2303401 192297 
3704 2308332 180365 
3705 2305866 193935 
3706 2307171 185211 
3707 2308390 184827 
3708 2313304 172612 
3709 2310825 184564 
3710 2312161 189522 
3711 2313340 190663 
3712 2318288 174444 
3713 2315795 173204 
3714 2317064 185625 
3715 2318273 192464 
3716 2323305 171649 
3717 2320820 187278 
3718 2322012 195772 
3719 2323278 191901 
3720 2328261 176657 
3721 2325800 183418 
3722 2327003 190714 
3723 2328282 186057 
3724 2333256 173880 
3725 2330775 181926 
3726 2331981 178740 
3727 2333250 183570 
3728 2338247 183835 
3729 2335714 177627 
3730 2337007 192672 
3731 2338254 197810 
3732 2343283 183912 
3733 2340762 176875 
3734 2342031 169779 
3735 2343263 190180 
3736 2348261 181318 
3737 2345719 190502 
3738 2346951 198600 
3739 2348268 194874 
3740 2353284 184191 
3741 2350717 196516 
3742 2352020 190561 
3743 2353280 197265 
3744 2358258 186257 
3745 2355772 186519 
3746 2357021 189370 
3747 2358247 194470 
3748 2363244 194011 
3749 2360765 177273 
3750 2362015 200043 
3751 2363287 171259 
3752 2368344 160258 
3753 2365801 184549 
3754 2367073 208760 
3755 2368330 190291 
3756 2373366 178335 
3757 2370812 184984 
3758 2372142 189384 
3759 2373290 193557 
3760 2378387 193298 
3761 2375870 189959 
3762 2377109 202197 
3763 2378401 182916 
3764 2383401 192943 
3765 2380904 186822 
3766 2382204 189772 
3767 2383473 203463 
3768 2388422 187472 
3769 2385941 192613 
3770 2387236 188963 
3771 2388468 188236 
3772 2393568 194802 
3773 2391057 207570 
3774 2392266 193689 
3775 2393521 195362 
3776 2398568 193475 
3777 2396126 183943 
3778 2397330 199184 
3779 2398636 193031 
3780 2403636 189844 
3781 2401151 198394 
3782 2402397 192383 
3783 2403658 187763 
3784 2408699 190003 
3785 2406191 196293 
3786 2407452 191911 
3787 2408728 184853 
3788 2413811 179917 
3789 2411257 195946 
3790 2412554 183374 
3791 2413795 191892 
3792 2418874 183383 
3793 2416304 209988 
3794 2417578 194203 
3795 2418857 196519 
3796 2423938 187908 
3797 2421399 190502 
3798 2422704 184781 
3799 2423962 190771 
3800 2429035 195705 
3801 2426490 194223 
3802 2427739 187638 
3803 2429020 192106 
3804 2434120 201356 
3805 2431557 189059 
3806 2432861 195843 
3807 2434151 185935 
3808 2439251 207462 
3809 2436633 185085 
3810 2437978 200103 
3811 2439220 196690 
3812 2444307 185619 
3813 2441758 202105 
3814 2443084 194237 
3815 2444335 188686 
3816 2449428 202096 
3817 2446863 205134 
3818 2448178 192031 
3819 2449432 198067 
3820 2454529 186196 
3821 2452010 197609 
3822 2453287 186844 
3823 2454588 192383 
3824 2459658 203148 
3825 2457086 192470 
3826 2458383 196299 
3827 2459675 192549 
3828 2464786 187484 
3829 2462235 201163 
3830 2463480 194466 
3831 2464768 196359 
3832 2469877 198071 
3833 2467398 187349 
3834 2468599 211068 
3835 2469939 185011 
3836 2475043 202142 
3837 2472447 198440 
3838 2473775 207636 
3839 2475090 189059 
3840 2480238 192785 
3841 2477573 195856 
3842 2478921 203606 
3843 2480217 194567 
3844 2485330 210653 
3845 2482757 210710 
3846 2484077 196826 
3847 2485347 209701 
3848 2490482 182524 
3849 2487898 198426 
3850 2489188 196973 
3851 2490501 187116 
3852 2495658 195303 
3853 2493088 206634 
3854 2494356 194947 
3855 2495655 194717 
3856 2500776 188327 
3857 2498249 198114 
3858 2499575 187339 
3859 2500858 209953 
3860 2505932 200478 
3861 2503434 211314 
3862 2504695 204780 
3863 2506050 193930 
3864 2511122 205015 
3865 2508600 202194 
3866 2509889 205519 
3867 2511233 195911 
3868 2516336 209025 
3869 2513772 201014 
3870 2515052 198325 
3871 2516374 207523 
3872 2521607 198826 
3873 2518917 194657 
3874 2520204 203822 
3875 2521521 199100 
3876 2526716 205199 
3877 2524189 194669 
3878 2525411 195112 
3879 2526763 186999 
3880 2531902 199208 
3881 2529360 191837 
3882 2530593 195945 
3883 2531902 207438 
3884 2537093 194735 
3885 2534532 185945 
3886 2535841 194226 
3887 2537120 196865 
3888 2542282 197036 
3889 2539668 194327 
3890 2541039 205196 
3891 2542281 188251 
3892 2547461 203167 
3893 2544872 200055 
3894 2546241 225565 
3895 2547568 200112 
3896 2552722 215988 
3897 2550079 189894 
3898 2551389 206448 
3899 2552760 204789 
3900 2557959 204435 
3901 2555308 207356 
3902 2556647 214240 
3903 2557944 214580 
3904 2563165 197417 
3905 2560540 195110 
3906 2561864 206083 
3907 2563206 179743 
3908 2568384 193189 
3909 2565813 218427 
3910 2567129 188359 
3911 2568396 200409 
3912 2573609 196431 
3913 2571053 187411 
3914 2572348 200079 
3915 2573679 204988 
3916 2578842 223118 
3917 2576217 206636 
3918 2577574 196564 
3919 2578887 203904 
3920 2584141 192558 
3921 2581482 202337 
3922 2582879 214143 
3923 2584167 199740 
3924 2589381 219274 
3925 2586734 199239 
3926 2588029 223189 
3927 2589391 211024 
3928 2594649 199409 
3929 2591976 205030 
3930 2593294 201038 
3931 2594652 207067 
3932 2599888 202626 
3933 2597342 200101 
3934 2598582 214218 
3935 2599901 188748 
3936 2605123 194495 
3937 2602525 202284 
3938 2603832 195852 
3939 2605176 201972 
3940 2610441 177273 
3941 2607724 219875 
3942 2609042 209591 
3943 2610427 198743 
3944 2615639 192732 
3945 2613137 217380 
3946 2614422 203242 
3947 2615721 229689 
3948 2620985 209455 
3949 2618360 206568 
3950 2619673 205358 
3951 2621000 215993 
3952 2626254 215631 
3953 2623629 216464 
3954 2624975 199155 
3955 2626328 190433 
3956 2631565 213390 
3957 2628968 219008 
3958 2630240 217151 
3959 2631606 202577 
3960 2636879 200808 
3961 2634207 211749 
3962 2635550 208858 
3963 2636944 213203 
3964 2642204 200020 
3965 2639531 202100 
3966 2640848 209501 
3967 2642176 209538 
3968 2647484 206728 
3969 2644799 198300 
3970 2646166 208233 
3971 2647492 221450 
3972 2652851 214223 
3973 2650167 200736 
3974 2651499 216036 
3975 2652825 208793 
3976 2658102 205109 
3977 2655519 209454 
3978 2656805 214836 
3979 2658165 204705 
3980 2663472 201314 
3981 2660770 199079 
3982 2662105 191460 
3983 2663500 221923 
3984 2668773 207842 
3985 2666153 226669 
3986 2667498 206835 
3987 2668793 215112 
3988 2674114 215079 
3989 2671515 218411 
3990 2672807 220186 
3991 2674161 214171 
3992 2679537 230864 
3993 2676867 214289 
3994 2678176 199588 
3995 2679474 204526 
3996 2684846 211855 
3997 2682196 204033 
3998 2683515 219732 
3999 2684859 215016 
4000 2690208 213559 
4001 2687555 220615 
4002 2688850 221680 
4003 2690208 222403 
4004 2695585 204736 
4005 2692848 209750 
4006 2694213 210710 
4007 2695595 212119 
4008 2700904 187684 
4009 2698227 211562 
4010 2699589 206351 
4011 2700938 197965 
4012 2706281 194905 
4013 2703600 217980 
4014 2704973 220315 
4015 2706233 203100 
4016 2711670 215000 
4017 2709003 216891 
4018 2710348 227581 
4019 2711658 221289 
4020 2717009 217579 
4021 2714411 223017 
4022 2715693 227235 
4023 2717052 210294 
4024 2722408 227833 
4025 2719775 218695 
4026 2721062 215430 
4027 2722411 211964 
4028 2727795 216801 
4029 2725113 210631 
4030 2726481 221052 
4031 2727848 229338 
4032 2733252 215809 
4033 2730478 236862 
4034 2731836 217406 
4035 2733228 223393 
4036 2738664 224117 
4037 2735936 217078 
4038 2737238 208873 
4039 2738629 208831 
4040 2744053 209995 
4041 2741327 234493 
4042 2742700 202408 
4043 2744056 228514 
4044 2749402 221606 
4045 2746709 206561 
4046 2748125 210348 
4047 2749472 218000 
4048 2754838 217556 
4049 2752133 217697 
4050 2753516 231510 
4051 2754854 209946 
4052 2760283 196526 
4053 2757548 228384 
4054 2758994 228177 
4055 2760290 205788 
4056 2765686 221255 
4057 2763003 208791 
4058 2764371 227028 
4059 2765730 221120 
4060 2771092 211176 
4061 2768427 221652 
4062 2769805 213614 
4063 2771110 219348 
4064 2776579 210076 
4065 2773888 222454 
4066 2775206 220488 
4067 2776604 204564 
4068 2782053 227290 
4069 2779359 227778 
4070 2780674 221949 
4071 2782038 228231 
4072 2787491 209826 
4073 2784770 201633 
4074 2786082 210572 
4075 2787483 219000 
4076 2792962 234664 
4077 2790256 215232 
4078 2791557 231230 
4079 2792948 225039 
4080 2798420 228178 
4081 2795679 214950 
4082 2797013 228370 
4083 2798414 201345 
4084 2803875 218632 
4085 2801171 218043 
4086 2802528 225671 
4087 2803907 216207 
4088 2809334 216420 
4089 2806607 214741 
4090 2807969 225282 
4091 2809331 212470 
4092 2814769 213020 
4093 2812139 220147 
4094 2813466 213631 
4095 2814797 212222 
4096 2820266 217103 
4097 2817549 205680 
4098 2818895 223008 
4099 2820264 220644 
4100 2825721 228380 
4101 2823065 207186 
4102 2824476 226477 
4103 2825791 238525 
4104 2831290 217112 
4105 2828533 227506 
4106 2829923 211316 
4107 2831286 225019 
4108 2836811 229024 
4109 2834082 224925 
4110 2835458 230416 
4111 2836774 226078 
4112 2842317 233219 
4113 2839594 239774 
4114 2840931 206076 
4115 2842344 209622 
4116 2847818 216130 
4117 2845127 237355 
4118 2846474 223228 
4119 2847819 222421 
4120 2853370 204495 
4121 2850652 240406 
4122 2851994 223568 
4123 2853349 215692 
4124 2858835 246444 
4125 2856072 211311 
4126 2857501 229130 
4127 2858920 223440 
4128 2864423 215741 
4129 2861599 223118 
4130 2863076 235376 
4131 2864423 216056 
4132 2869939 216959 
4133 2867222 225700 
4134 2868589 229332 
4135 2869941 222985 
4136 2875487 229128 
4137 2872729 214770 
4138 2874074 220563 
4139 2875465 219910 
4140 2881008 211313 
4141 2878226 234676 
4142 2879649 235070 
4143 2881022 218516 
4144 2886546 229382 
4145 2883854 223430 
4146 2885176 229936 
4147 2886618 218717 
4148 2892129 225395 
4149 2889372 239574 
4150 2890761 218103 
4151 2892147 231372 
4152 2897733 227780 
4153 2894925 216171 
4154 2896349 216462 
4155 2897751 241926 
4156 2903230 241345 
4157 2900495 220134 
4158 2901904 223054 
4159 2903347 244055 
4160 2908841 221646 
4161 2906127 229932 
4162 2907475 238479 
4163 2908875 225186 
4164 2914407 233113 
4165 2911623 239242 
4166 2913047 228383 
4167 2914478 227325 
4168 2919994 218584 
4169 2917233 241554 
4170 2918623 227901 
4171 2920057 233234 
4172 2925597 218491 
4173 2922801 244350 
4174 2924207 217309 
4175 2925594 239141 
4176 2931157 224251 
4177 2928412 206838 
4178 2929786 240248 
4179 2931208 237948 
4180 2936785 234191 
4181 2934068 217379 
4182 2935383 229725 
4183 2936873 235040 
4184 2942429 233323 
4185 2939653 228268 
4186 2940992 221535 
4187 2942411 234453 
4188 2948006 243635 
4189 2945176 237352 
4190 2946620 214784 
4191 2948073 235774 
4192 2953646 236281 
4193 2950807 237831 
4194 2952209 226385 
4195 2953632 225084 
4196 2959258 237637 
4197 2956466 237405 
4198 2957862 241861 
4199 2959320 239183 
4200 2964897 233634 
4201 2962089 220996 
4202 2963462 226769 
4203 2964930 231806 
4204 2970512 212484 
4205 2967720 235028 
4206 2969072 237545 
4207 2970577 245343 
4208 2976129 244633 
4209 2973363 242097 
4210 2974783 220938 
4211 2976129 243584 
4212 2981753 239448 
4213 2978926 254133 
4214 2980430 234343 
4215 2981822 225214 
4216 2987439 227824 
4217 2984585 236193 
4218 2985961 239339 
4219 2987392 228386 
4220 2993026 221090 
4221 2990229 233093 
4222 2991602 231453 
4223 2993105 228446 
4224 2998743 241890 
4225 2995924 237733 
4226 2997350 215727 
4227 2998758 230031 
4228 3004391 223933 
4229 3001619 248841 
4230 3003009 235307 
4231 3004430 242566 
4232 3010078 249746 
4233 3007222 257536 
4234 3008735 229223 
4235 3010108 242063 
4236 3015750 221038 
4237 3012898 231403 
4238 3014359 230529 
4239 3015742 256587 
4240 3021451 222781 
4241 3018593 236598 
4242 3020000 231248 
4243 3021448 242673 
4244 3027109 227965 
4245 3024288 242227 
4246 3025730 239931 
4247 3027137 238356 
4248 3032844 231175 
4249 3029979 244241 
4250 3031429 234142 
4251 3032898 234365 
4252 3038540 241945 
4253 3035641 248154 
4254 3037129 248849 
4255 3038552 220345 
4256 3044235 234566 
4257 3041345 219764 
4258 3042833 240963 
4259 3044179 234572 
4260 3049965 247597 
4261 3047133 250693 
4262 3048557 235157 
4263 3049946 247179 
4264 3055605 245892 
4265 3052766 221201 
4266 3054179 244782 
4267 3055671 246226 
4268 3061411 244649 
4269 3058497 249580 
4270 3059933 217729 
4271 3061399 227348 
4272 3067082 236674 
4273 3064216 241617 
4274 3065651 228486 
4275 3067024 255578 
4276 3072824 230011 
4277 3069953 243228 
4278 3071403 250902 
4279 3072807 231248 
4280 3078537 242238 
4281 3075628 246818 
4282 3077121 234336 
4283 3078524 251208 
4284 3084260 237315 
4285 3081432 235573 
4286 3082822 241776 
4287 3084271 245126 
4288 3089996 251774 
4289 3087179 248477 
4290 3088652 250438 
4291 3090064 237511 
4292 3095724 257179 
4293 3092919 252569 
4294 3094328 252525 
4295 3095781 254851 
4296 3101508 251437 
4297 3098662 250696 
4298 3100128 244723 
4299 3101520 234142 
4300 3107316 240469 
4301 3104365 244369 
4302 3105822 252906 
4303 3107321 239500 
4304 3113056 254762 
4305 3110213 248556 
4306 3111672 238271 
4307 3113028 240467 
4308 3118789 255430 
4309 3115892 231617 
4310 3117388 229367 
4311 3118830 260180 
4312 3124571 252076 
4313 3121722 247355 
4314 3123188 251092 
4315 3124587 230038 
4316 3130352 249122 
4317 3127501 248294 
4318 3128947 245292 
4319 3130386 224322 
4320 3136181 240184 
4321 3133286 239225 
4322 3134742 243812 
4323 3136115 252187 
4324 3141977 244196 
4325 3139058 248080 
4326 3140491 259974 
4327 3141976 244347 
4328 3147743 232614 
4329 3144846 266848 
4330 3146272 238141 
4331 3147804 261890 
4332 3153513 252823 
4333 3150678 250626 
4334 3152109 239573 
4335 3153576 251476 
4336 3159344 252540 
4337 3156517 241508 
4338 3157934 244538 
4339 3159337 253853 
4340 3165133 251806 
4341 3162310 251337 
4342 3163739 244119 
4343 3165153 253027 
4344 3170999 240037 
4345 3168062 244178 
4346 3169490 247879 
4347 3171018 263151 
4348 3176765 246161 
4349 3173893 257377 
4350 3175357 251802 
4351 3176834 248677 
4352 3182581 258965 
4353 3179741 249540 
4354 3181150 246806 
4355 3182661 255404 
4356 3188456 242338 
4357 3185559 250477 
4358 3187037 250668 
4359 3188459 244791 
4360 3194308 252602 
4361 3191374 243996 
4362 3192847 272959 
4363 3194333 243470 
4364 3200115 251749 
4365 3197279 245500 
4366 3198707 252854 
4367 3200157 263154 
4368 3206017 255603 
4369 3203133 242186 
4370 3204451 262504 
4371 3205989 246061 
4372 3211876 263351 
4373 3208962 265302 
4374 3210423 244618 
4375 3211814 247236 
4376 3217730 256999 
4377 3214799 260020 
4378 3216261 255899 
4379 3217718 241225 
4380 3223564 270890 
4381 3220706 249885 
4382 3222159 251252 
4383 3223620 237957 
4384 3229466 260297 
4385 3226482 245612 
4386 3228004 250404 
4387 3229483 264264 
4388 3235342 242691 
4389 3232430 269190 
4390 3233858 251118 
4391 3235391 246854 
4392 3241213 246317 
4393 3238275 262418 
4394 3239778 254517 
4395 3241242 260041 
4396 3247111 259604 
4397 3244187 272786 
4398 3245626 265361 
4399 3247125 258513 
4400 3252996 254789 
4401 3250075 252116 
4402 3251530 252100 
4403 3253015 260534 
4404 3258935 262945 
4405 3256030 249067 
4406 3257433 272586 
4407 3258913 255221 
4408 3264750 271044 
4409 3261872 263503 
4410 3263322 256138 
4411 3264785 258235 
4412 3270683 253189 
4413 3267799 259773 
4414 3269299 246895 
4415 3270739 254603 
4416 3276601 259262 
4417 3273681 274958 
4418 3275170 244009 
4419 3276618 261293 
4420 3282515 247584 
4421 3279594 246745 
4422 3281070 247499 
4423 3282532 242705 
4424 3288474 229341 
4425 3285516 262028 
4426 3286945 254303 
4427 3288437 244618 
4428 3294408 248604 
4429 3291437 248981 
4430 3292908 275108 
4431 3294427 265367 
4432 3300347 246792 
4433 3297335 268568 
4434 3298853 239305 
4435 3300365 262599 
4436 3306258 251216 
4437 3303354 259992 
4438 3304781 262235 
4439 3306309 256560 
4440 3312201 252869 
4441 3309240 273809 
4442 3310747 250104 
4443 3312240 246417 
4444 3318174 261339 
4445 3315180 265476 
4446 3316699 250198 
4447 3318173 250682 
4448 3324121 237501 
4449 3321162 257024 
4450 3322663 254012 
4451 3324144 262016 
4452 3330073 261705 
4453 3327111 262336 
4454 3328608 264376 
4455 3330059 260686 
4456 3336023 249781 
4457 3333116 262076 
4458 3334572 250325 
4459 3336059 254843 
4460 3342054 271172 
4461 3339089 268213 
4462 3340547 263464 
4463 3342054 258104 
4464 3348022 266384 
4465 3345011 261342 
4466 3346524 261366 
4467 3348028 267284 
4468 3354002 270247 
4469 3351031 288272 
4470 3352480 269310 
4471 3353998 254341 
4472 3360008 263333 
4473 3357017 277236 
4474 3358559 260929 
4475 3359972 269027 
4476 3365954 260352 
4477 3362995 254827 
4478 3364513 279719 
4479 3365986 271078 
4480 3371990 258344 
4481 3368986 254880 
4482 3370500 239896 
4483 3371962 262737 
4484 3377973 258336 
4485 3374975 255296 
4486 3376521 260392 
4487 3377982 239221 
4488 3384020 290205 
4489 3381024 257610 
4490 3382542 254841 
4491 3383994 251339 
4492 3390021 261036 
4493 3387075 255209 
4494 3388538 267771 
4495 3390036 259594 
4496 3396070 251279 
4497 3393073 261491 
4498 3394569 272082 
4499 3396047 290322 
4500 3402059 262050 
4501 3399095 257437 
4502 3400637 254187 
4503 3402053 286349 
4504 3408034 266705 
4505 3405062 265043 
4506 3406625 274537 
4507 3408148 278228 
4508 3414140 281246 
4509 3411135 268082 
4510 3412641 265369 
4511 3414151 249142 
4512 3420199 268065 
4513 3417140 287765 
4514 3418696 277739 
4515 3420182 254281 
4516 3426231 272044 
4517 3423194 269388 
4518 3424674 264659 
4519 3426253 260823 
4520 3432250 271873 
4521 3429242 283117 
4522 3430817 267483 
4523 3432301 249269 
4524 3438364 271777 
4525 3435366 284628 
4526 3436802 264731 
4527 3438295 276101 
4528 3444431 257352 
4529 3441369 259561 
4530 3442857 268622 
4531 3444358 277127 
4532 3450468 284260 
4533 3447440 269864 
4534 3448938 263983 
4535 3450441 284809 
4536 3456530 271704 
4537 3453540 255769 
4538 3455032 263588 
4539 3456489 263156 
4540 3462573 262266 
4541 3459589 266077 
4542 3461097 280091 
4543 3462606 287286 
4544 3468652 280829 
4545 3465604 261773 
4546 3467166 266993 
4547 3468693 265320 
4548 3474763 276166 
4549 3471722 259509 
4550 3473256 269805 
4551 3474818 255637 
4552 3480855 286303 
4553 3477803 283265 
4554 3479321 279165 
4555 3480907 276182 
4556 3486946 252572 
4557 3483897 294407 
4558 3485469 282105 
4559 3486967 279127 
4560 3493060 277736 
4561 3489986 263834 
4562 3491498 295690 
4563 3493051 267389 
4564 3499198 255577 
4565 3496159 282570 
4566 3497658 260409 
4567 3499184 276056 
4568 3505287 269679 
4569 3502244 276935 
4570 3503756 267519 
4571 3505309 262642 
4572 3511366 276356 
4573 3508378 287014 
4574 3509909 276612 
4575 3511391 250647 
4576 3517553 261758 
4577 3514467 271571 
4578 3516065 284363 
4579 3517554 282784 
4580 3523642 259843 
4581 3520556 280263 
4582 3522086 254211 
4583 3523681 275468 
4584 3529795 278935 
4585 3526775 275723 
4586 3528302 283659 
4587 3529825 265344 
4588 3535951 275064 
4589 3532884 243661 
4590 3534449 278961 
4591 3536010 275783 
4592 3542159 276554 
4593 3539030 265556 
4594 3540519 274541 
4595 3542148 271706 
4596 3548263 283456 
4597 3545231 268745 
4598 3546682 271951 
4599 3548292 265671 
4600 3554444 271890 
4601 3551350 256409 
4602 3552918 272048 
4603 3554403 262401 
4604 3560607 291682 
4605 3557514 280029 
4606 3559078 278223 
4607 3560625 293592 
4608 3566725 278126 
4609 3563691 284431 
4610 3565176 284430 
4611 3566788 289517 
4612 3572952 280169 
4613 3569888 286937 
4614 3571409 284055 
4615 3572939 289457 
4616 3579098 272660 
4617 3575972 288811 
4618 3577592 280388 
4619 3579125 270137 
4620 3585337 257627 
4621 3582199 297223 
4622 3583741 278695 
4623 3585267 282521 
4624 3591435 261036 
4625 3588421 275389 
4626 3589932 277708 
4627 3591404 287475 
4628 3597657 273312 
4629 3594622 282742 
4630 3596103 276344 
4631 3597661 293714 
4632 3603903 301184 
4633 3600774 283121 
4634 3602345 280255 
4635 3603846 278628 
4636 3610111 277550 
4637 3607000 288551 
4638 3608566 281778 
4639 3610110 276450 
4640 3616331 299321 
4641 3613137 269379 
4642 3614806 265012 
4643 3616304 287699 
4644 3622532 275796 
4645 3619433 289429 
4646 3621004 294311 
4647 3622544 273085 
4648 3628704 282600 
4649 3625658 277198 
4650 3627173 278962 
4651 3628739 265322 
4652 3634927 284558 
4653 3631883 280462 
4654 3633441 280041 
4655 3634974 282669 
4656 3641174 256019 
4657 3638131 272753 
4658 3639686 277118 
4659 3641201 308154 
4660 3647423 281714 
4661 3644351 287103 
4662 3645946 277792 
4663 3647399 281224 
4664 3653668 292292 
4665 3650618 287344 
4666 3652157 265186 
4667 3653700 288043 
4668 3659913 266948 
4669 3656794 285268 
4670 3658385 286896 
4671 3659931 271666 
4672 3666207 285092 
4673 3663147 291551 
4674 3664660 298538 
4675 3666175 286365 
4676 3672426 289404 
4677 3669345 305671 
4678 3670895 287899 
4679 3672415 291553 
4680 3678746 297879 
4681 3675587 301272 
4682 3677144 296553 
4683 3678784 263424 
4684 3685022 292582 
4685 3681862 268864 
4686 3683470 289921 
4687 3685021 284878 
4688 3691267 268960 
4689 3688155 299812 
4690 3689708 275201 
4691 3691324 290830 
4692 3697622 296187 
4693 3694434 303053 
4694 3696014 279490 
4695 3697612 282824 
4696 3703880 298813 
4697 3700717 275667 
4698 3702283 274476 
4699 3703914 284649 
4700 3710142 291855 
4701 3707027 283633 
4702 3708579 305027 
4703 3710175 272025 
4704 3716472 290788 
4705 3713341 295469 
4706 3714876 264886 
4707 3716496 291940 
4708 3722736 278487 
4709 3719561 309880 
4710 3721240 292071 
4711 3722739 278018 
4712 3729081 287393 
4713 3725924 295504 
4714 3727515 282371 
4715 3729056 301404 
4716 3735325 286311 
4717 3732208 270471 
4718 3733795 262374 
4719 3735375 284675 
4720 3741645 310590 
4721 3738562 278916 
4722 3740105 308668 
4723 3741734 298143 
4724 3747957 299814 
4725 3744854 274090 
4726 3746449 288232 
4727 3748023 284629 
4728 3754343 300901 
4729 3751205 279082 
4730 3752756 297159 
4731 3754378 280348 
4732 3760664 283467 
4733 3757499 280657 
4734 3759062 303840 
4735 3760714 281899 
4736 3767011 295114 
4737 3763826 306225 
4738 3765441 289511 
4739 3767045 279628 
4740 3773348 311546 
4741 3770199 276659 
4742 3771777 290893 
4743 3773380 299369 
4744 3779703 318021 
4745 3776546 296596 
4746 3778163 277508 
4747 3779758 284217 
4748 3786041 308259 
4749 3782910 313554 
4750 3784502 293127 
4751 3786125 292241 
4752 3792433 277590 
4753 3789237 291932 
4754 3790837 309443 
4755 3792489 298208 
4756 3798836 290629 
4757 3795575 285032 
4758 3797253 312084 
4759 3798814 299843 
4760 3805144 322511 
4761 3801971 302026 
4762 3803599 289886 
4763 3805231 277132 
4764 3811554 295443 
4765 3808347 288399 
4766 3809963 279849 
4767 3811562 262241 
4768 3817905 302718 
4769 3814779 288730 
4770 3816379 318075 
4771 3818036 282639 
4772 3824335 277344 
4773 3821123 298469 
4774 3822741 280821 
4775 3824301 281362 
4776 3830734 294714 
4777 3827469 291115 
4778 3829111 295862 
4779 3830744 306272 
4780 3837117 295615 
4781 3833946 303105 
4782 3835539 295708 
4783 3837171 282815 
4784 3843509 286713 
4785 3840394 300607 
4786 3841922 288664 
4787 3843575 290939 
4788 3849958 286772 
4789 3846773 294872 
4790 3848336 290825 
4791 3849967 292242 
4792 3856363 313425 
4793 3853190 303997 
4794 3854768 285969 
4795 3856414 290602 
4796 3862756 297194 
4797 3859566 296580 
4798 3861188 288175 
4799 3862793 290998 
4800 3869198 302119 
4801 3865959 297033 
4802 3867622 317797 
4803 3869162 304400 
4804 3875639 302869 
4805 3872499 284250 
4806 3874097 296583 
4807 3875618 307562 
4808 3882052 290624 
4809 3878842 303994 
4810 3880476 290802 
4811 3882030 302976 
4812 3888507 281556 
4813 3885269 317213 
4814 3886908 291304 
4815 3888536 292096 
4816 3894918 312875 
4817 3891741 314254 
4818 3893321 280573 
4819 3894985 301505 
4820 3901371 296984 
4821 3898160 310556 
4822 3899825 290555 
4823 3901453 305987 
4824 3907843 304966 
4825 3904665 317754 
4826 3906239 280785 
4827 3907870 317869 
4828 3914297 320338 
4829 3911085 310546 
4830 3912715 304277 
4831 3914356 297444 
4832 3920780 286012 
4833 3917597 316856 
4834 3919205 314857 
4835 3920762 311210 
4836 3927217 298461 
4837 3924027 302067 
4838 3925692 306784 
4839 3927317 296738 
4840 3933728 306435 
4841 3930485 319539 
4842 3932113 305584 
4843 3933704 315136 
4844 3940264 305493 
4845 3936963 295979 
4846 3938596 299983 
4847 3940214 301769 
4848 3946672 305960 
4849 3943476 297792 
4850 3945109 319152 
4851 3946733 294106 
4852 3953176 306609 
4853 3949992 298203 
4854 3951605 304019 
4855 3953235 308329 
4856 3959682 325326 
4857 3956485 303797 
4858 3958104 307687 
4859 3959772 314158 
4860 3966257 294077 
4861 3962966 287542 
4862 3964629 308084 
4863 3966221 309890 
4864 3972710 308792 
4865 3969488 308176 
4866 3971112 301672 
4867 3972775 293480 
4868 3979283 311637 
4869 3975988 307767 
4870 3977660 299883 
4871 3979328 290313 
4872 3985783 321641 
4873 3982551 306150 
4874 3984168 311414 
4875 3985788 304433 
4876 3992263 319162 
4877 3989085 317068 
4878 3990696 305724 
4879 3992263 310714 
4880 3998846 302506 
4881 3995569 304171 
4882 3997213 299008 
4883 3998907 329432 
4884 4005396 307096 
4885 4002127 314729 
4886 4003792 300392 
4887 4005360 282308 
4888 4011933 318015 
4889 4008646 304120 
4890 4010296 299988 
4891 4011900 301219 
4892 4018443 305579 
4893 4015176 302742 
4894 4016852 303724 
4895 4018420 321362 
4896 4025038 304955 
4897 4021794 326579 
4898 4023379 321992 
4899 4024993 319926 
4900 4031525 305611 
4901 4028278 318788 
4902 4029912 308140 
4903 4031535 321354 
4904 4038151 316807 
4905 4034868 320295 
4906 4036510 307273 
4907 4038185 307303 
4908 4044683 318543 
4909 4041411 302502 
4910 4043069 314745 
4911 4044710 307249 
4912 4051313 313578 
4913 4048026 313321 
4914 4049633 319329 
4915 4051288 297361 
4916 4057833 327259 
4917 4054650 306583 
4918 4056193 308879 
4919 4057893 311795 
4920 4064399 327651 
4921 4061156 317583 
4922 4062814 304989 
4923 4064411 309632 
4924 4071043 321352 
4925 4067723 298211 
4926 4069391 332286 
4927 4071040 302293 
4928 4077651 297709 
4929 4074305 311986 
4930 4075991 323685 
4931 4077609 330492 
4932 4084184 317111 
4933 4080935 325795 
4934 4082611 312569 
4935 4084220 297245 
4936 4090832 305271 
4937 4087494 339602 
4938 4089228 295509 
4939 4090827 337154 
4940 4097448 326974 
4941 4094133 309397 
4942 4095799 324016 
4943 4097526 312678 
4944 4104042 319719 
4945 4100788 324747 
4946 4102472 305662 
4947 4104059 327211 
4948 4110706 311249 
4949 4107358 325272 
4950 4109113 318464 
4951 4110749 313756 
4952 4117316 326222 
4953 4114017 306365 
4954 4115675 316333 
4955 4117373 332500 
4956 4123952 311070 
4957 4120620 317395 
4958 4122306 319458 
4959 4123960 310453 
4960 4130582 305740 
4961 4127208 336431 
4962 4128947 322968 
4963 4130583 330543 
4964 4137226 320015 
4965 4133935 332764 
4966 4135580 303718 
4967 4137280 323664 
4968 4143858 331157 
4969 4140580 325134 
4970 4142320 319524 
4971 4143863 299756 
4972 4150545 331274 
4973 4147197 335406 
4974 4148936 309405 
4975 4150524 322044 
4976 4157121 342353 
4977 4153830 286877 
4978 4155518 305271 
4979 4157155 318095 
4980 4163826 319656 
4981 4160518 317277 
4982 4162273 320930 
4983 4163841 325449 
4984 4170496 323037 
4985 4167177 321833 
4986 4168922 315553 
4987 4170546 324462 
4988 4177184 324693 
4989 4173845 317183 
4990 4175543 346909 
4991 4177167 321979 
4992 4183830 313029 
4993 4180570 316258 
4994 4182172 311187 
4995 4183902 314002 
4996 4190503 322907 
4997 4187241 324782 
4998 4188903 322818 
4999 4190552 324424 
5000 4197298 321292 
