10 30 35
11 37 45
12 43 55
13 50 61
14 56 76
15 64 85
16 71 101
17 80 107
18 89 129
19 98 144
20 108 150
21 118 174
22 129 188
23 139 208
24 150 242
25 162 239
26 174 266
27 185 284
28 198 318
29 210 339
30 224 361
31 236 386
32 249 415
33 264 449
34 280 473
35 296 498
36 308 522
37 326 552
38 342 546
39 360 615
40 377 645
41 394 703
42 412 729
43 431 734
44 447 793
45 467 792
46 485 864
47 506 885
48 524 929
49 545 965
50 566 1015
51 588 1032
52 605 1059
53 628 1122
54 651 1171
55 673 1251
56 694 1267
57 717 1343
58 741 1379
59 766 1395
60 787 1463
61 812 1499
62 836 1530
63 861 1599
64 883 1653
65 912 1761
66 938 1806
67 966 1896
68 990 1896
69 1017 1981
70 1046 1994
71 1075 2065
72 1103 2063
73 1131 2155
74 1162 2176
75 1192 2298
76 1218 2392
77 1249 2381
78 1280 2499
79 1312 2532
80 1341 2584
81 1373 2676
82 1405 2729
83 1439 2797
84 1469 2897
85 1501 2925
86 1534 3103
87 1570 3072
88 1600 3230
89 1635 3225
90 1672 3252
91 1708 3415
92 1740 3476
93 1774 3579
94 1810 3649
95 1849 3599
96 1883 3705
97 1921 3852
98 1960 3942
99 1998 4067
100 2033 4124
101 2070 4106
102 2111 4245
103 2149 4302
104 2187 4341
105 2224 4385
106 2269 4610
107 2310 4670
108 2347 4748
109 2386 4816
110 2430 5121
111 2471 4968
112 2511 5106
113 2554 5374
114 2597 5304
115 2642 5397
116 2683 5598
117 2724 5634
118 2769 5673
119 2814 5816
120 2854 5996
121 2899 6223
122 2950 6122
123 2996 6148
124 3039 6176
125 3083 6379
126 3131 6486
127 3179 6549
128 3223 6736
129 3270 6819
130 3322 6858
131 3372 7028
132 3421 7242
133 3470 7308
134 3517 7341
135 3569 7418
136 3620 7504
137 3668 7589
138 3720 7834
139 3773 7660
140 3826 7974
141 3877 8113
142 3929 8237
143 3984 8492
144 4033 8475
145 4086 8763
146 4141 8871
147 4196 8782
148 4252 8749
149 4306 8993
150 4362 9199
151 4417 9394
152 4468 9501
153 4522 9480
154 4584 9562
155 4641 9827
156 4698 9926
157 4755 10134
158 4812 10276
159 4872 10395
160 4927 10607
161 4981 10906
162 5045 10808
163 5105 10939
164 5166 11036
165 5227 11178
166 5286 11196
167 5348 11502
168 5408 11705
169 5466 11751
170 5529 11892
171 5592 12013
172 5657 12259
173 5717 12263
174 5781 12525
175 5846 12529
176 5905 12680
177 5968 12866
178 6035 13172
179 6100 13110
180 6166 13214
181 6232 13575
182 6297 13493
183 6363 13782
184 6427 13664
185 6490 14107
186 6562 14074
187 6630 14285
188 6698 14539
189 6766 14959
190 6834 14612
191 6904 15163
192 6969 15027
193 7036 15221
194 7109 15881
195 7178 15655
196 7250 15786
197 7323 15979
198 7392 16220
199 7465 16083
200 7535 16658
201 7606 16396
202 7678 16992
203 7753 17058
204 7826 17092
205 7902 17148
206 7973 17400
207 8049 17761
208 8119 17946
209 8193 18025
210 8271 17785
211 8346 18121
212 8423 18393
213 8499 18730
214 8575 18822
215 8653 19074
216 8725 19183
217 8802 19448
218 8883 19536
219 8962 20200
220 9040 19767
221 9119 19984
222 9197 20434
223 9279 19993
224 9354 20516
225 9431 20347
226 9515 21132
227 9597 21000
228 9679 21554
229 9761 21483
230 9841 21285
231 9925 21950
232 10006 22090
233 10086 22847
234 10170 22454
235 10255 22515
236 10341 22710
237 10423 23199
238 10507 23545
239 10594 23359
240 10675 23638
241 10758 23743
242 10847 24337
243 10933 24175
244 11021 24200
245 11108 24836
246 11194 25009
247 11282 25013
248 11366 25440
249 11451 25313
250 11545 25793
251 11634 25983
252 11723 26331
253 11813 26785
254 11902 26771
255 11993 26687
256 12081 27085
257 12167 27609
258 12263 27453
259 12359 27714
260 12450 27296
261 12541 27969
262 12637 28328
263 12723 28613
264 12815 28276
265 12913 29349
266 13011 29208
267 13104 29381
268 13197 29607
269 13293 29703
270 13385 29709
271 13484 30439
272 13578 30520
273 13676 30783
274 13775 30847
275 13873 31390
276 13967 31526
277 14068 31420
278 14166 31777
279 14264 32082
280 14362 32610
281 14463 32327
282 14564 32453
283 14665 32803
284 14762 33034
285 14863 33624
286 14964 33574
287 15066 33914
288 15166 34123
289 15267 34679
290 15372 34486
291 15473 35382
292 15577 35306
293 15680 35328
294 15784 35962
295 15888 35940
296 15992 35721
297 16096 36438
298 16205 37394
299 16310 36882
300 16417 37403
301 16523 37568
302 16626 37618
303 16732 37732
304 16836 38109
305 16945 38270
306 17057 38424
307 17162 39052
308 17270 38894
309 17382 38900
310 17488 39494
311 17597 39360
312 17707 40159
313 17820 40109
314 17932 40681
315 18041 40943
316 18152 41385
317 18263 41809
318 18374 42052
319 18485 42154
320 18596 42323
321 18710 42429
322 18823 42408
323 18936 43490
324 19048 42806
325 19165 43864
326 19277 43132
327 19394 44398
328 19507 44155
329 19625 44578
330 19742 45354
331 19855 45309
332 19974 44994
333 20090 45685
334 20206 45695
335 20323 46758
336 20440 46696
337 20557 46387
338 20679 46993
339 20796 47566
340 20917 47872
341 21034 48048
342 21155 48136
343 21272 47632
344 21391 48684
345 21519 48735
346 21641 48697
347 21760 49276
348 21883 49481
349 22003 50647
350 22123 50666
351 22246 51000
352 22369 51107
353 22493 51345
354 22619 52133
355 22738 52000
356 22866 52729
357 22989 52411
358 23114 53228
359 23239 53041
360 23366 52766
361 23492 54357
362 23622 54027
363 23748 54815
364 23875 55323
365 24001 55557
366 24127 55098
367 24252 55570
368 24380 55736
369 24512 55957
370 24644 55757
371 24769 56761
372 24897 56187
373 25030 58090
374 25158 57459
375 25289 57855
376 25423 58417
377 25559 58763
378 25693 59502
379 25819 60043
380 25953 59701
381 26082 59762
382 26214 60061
383 26347 60563
384 26480 60183
385 26614 61599
386 26751 62486
387 26882 61966
388 27017 62019
389 27155 62853
390 27290 62447
391 27418 63134
392 27562 63336
393 27698 63710
394 27836 63948
395 27969 64425
396 28109 65056
397 28247 65274
398 28383 65504
399 28523 66220
400 28663 66104
401 28805 66399
402 28945 66185
403 29077 66450
404 29217 66918
405 29361 67595
406 29503 67642
407 29643 67640
408 29789 68950
409 29931 68437
410 30077 69233
411 30212 69320
412 30357 69909
413 30499 70575
414 30642 70798
415 30787 71394
416 30933 71444
417 31075 71764
418 31225 71948
419 31363 71951
420 31512 72575
421 31657 74029
422 31803 73373
423 31948 72689
424 32101 74414
425 32248 74323
426 32400 75442
427 32541 75122
428 32690 74748
429 32838 76538
430 32985 76860
431 33135 76561
432 33287 76898
433 33436 77090
434 33590 77712
435 33735 77230
436 33886 77460
437 34040 78152
438 34190 79277
439 34342 79810
440 34496 80729
441 34653 79808
442 34809 80567
443 34954 81315
444 35109 80007
445 35263 82067
446 35416 82277
447 35570 82442
448 35727 82959
449 35884 83927
450 36041 83733
451 36189 83043
452 36346 83400
453 36503 85016
454 36661 84564
455 36817 86035
456 36981 85883
457 37140 85325
458 37299 86667
459 37453 85219
460 37614 88114
461 37774 86875
462 37930 88905
463 38088 88399
464 38256 88642
465 38415 89451
466 38580 90262
467 38734 90517
468 38894 90161
469 39058 90379
470 39219 91036
471 39380 90536
472 39548 90369
473 39717 91894
474 39882 92378
475 40040 93846
476 40204 93269
477 40365 93806
478 40529 93765
479 40698 95478
480 40868 94846
481 41032 95766
482 41202 96132
483 41360 95494
484 41528 95755
485 41696 97363
486 41863 97244
487 42029 98577
488 42204 98045
489 42376 98448
490 42549 98700
491 42709 100319
492 42882 100437
493 43049 101057
494 43218 101250
495 43385 100449
496 43565 101732
497 43737 101605
498 43910 101146
499 44073 103997
500 44244 102642
501 44416 102146
502 44590 103577
503 44762 104477
504 44945 106307
505 45122 104905
506 45299 106654
507 45466 105772
508 45642 106077
509 45815 107314
510 45985 107443
511 46161 107440
512 46344 108959
513 46524 108871
514 46708 108994
515 46876 108594
516 47055 110334
517 47230 110876
518 47406 110863
519 47588 112415
520 47761 111546
521 47953 112624
522 48131 113767
523 48312 113131
524 48487 113261
525 48672 114574
526 48853 113337
527 49038 113087
528 49230 115006
529 49413 115457
530 49597 115463
531 49768 114999
532 49952 115260
533 50138 116534
534 50324 117262
535 50505 118244
536 50680 118733
537 50879 119772
538 51060 120518
539 51248 119761
540 51432 119451
541 51624 120832
542 51809 121336
543 51992 121950
544 52183 122500
545 52373 122105
546 52568 122139
547 52742 125235
548 52932 123701
549 53119 124305
550 53314 125118
551 53501 125655
552 53692 124341
553 53890 125300
554 54077 126273
555 54269 127183
556 54458 127672
557 54649 128723
558 54841 129532
559 55035 130063
560 55235 128483
561 55430 129899
562 55625 130706
563 55808 129909
564 56000 132108
565 56200 130913
566 56394 131501
567 56584 134051
568 56777 130923
569 56986 133908
570 57180 133484
571 57373 135179
572 57565 134940
573 57768 134100
574 57963 136137
575 58164 136970
576 58368 137184
577 58571 136380
578 58772 139306
579 58957 138343
580 59158 138967
581 59360 138805
582 59560 140325
583 59757 140683
584 59955 140652
585 60172 142388
586 60367 142178
587 60566 141895
588 60765 141557
589 60973 143187
590 61172 144472
591 61379 144713
592 61588 144007
593 61798 144633
594 61999 146263
595 62196 146191
596 62399 146478
597 62607 146801
598 62813 147703
599 63016 148414
600 63217 150030
601 63436 149768
602 63639 149928
603 63842 151369
604 64051 148884
605 64263 151994
606 64470 150538
607 64681 151645
608 64891 151706
609 65103 152867
610 65315 153384
611 65515 152833
612 65727 154242
613 65934 154991
614 66150 155539
615 66356 156327
616 66564 157509
617 66786 156370
618 66992 158096
619 67203 157170
620 67420 157721
621 67630 158809
622 67845 160494
623 68063 160628
624 68280 160424
625 68498 161209
626 68713 162225
627 68920 161087
628 69133 163055
629 69353 161364
630 69570 163923
631 69783 163309
632 69995 165186
633 70223 166173
634 70440 166102
635 70651 167456
636 70872 165974
637 71090 168674
638 71308 167669
639 71532 166963
640 71757 168653
641 71978 169587
642 72203 169667
643 72414 171761
644 72633 171152
645 72855 172429
646 73077 173007
647 73297 170960
648 73514 173404
649 73747 175428
650 73969 174533
651 74188 174938
652 74412 175863
653 74637 176661
654 74860 175352
655 75088 176342
656 75317 178460
657 75545 179033
658 75776 178441
659 75989 179697
660 76217 182014
661 76443 180104
662 76672 179388
663 76898 182233
664 77118 182485
665 77356 182879
666 77582 182451
667 77808 182317
668 78036 183651
669 78270 185108
670 78499 185458
671 78728 185160
672 78961 184121
673 79192 185772
674 79430 186902
675 79652 187423
676 79881 188409
677 80116 189288
678 80349 188550
679 80577 189441
680 80807 191776
681 81054 193952
682 81282 191923
683 81513 193687
684 81748 192532
685 81982 194169
686 82216 194562
687 82455 194382
688 82694 195129
689 82930 195982
690 83170 199486
691 83401 197165
692 83634 197708
693 83874 197304
694 84113 199349
695 84347 198584
696 84584 200657
697 84833 201931
698 85066 200459
699 85302 201898
700 85542 202941
701 85784 202051
702 86024 204414
703 86264 201371
704 86509 206416
705 86751 203219
706 86999 206028
707 87235 205716
708 87474 208756
709 87713 208230
710 87958 209169
711 88200 207299
712 88442 208365
713 88696 208510
714 88939 209739
715 89179 211164
716 89422 212444
717 89668 212564
718 89913 214232
719 90162 214281
720 90413 215677
721 90662 214424
722 90911 215670
723 91153 216222
724 91397 215189
725 91645 217361
726 91894 219358
727 92140 219070
728 92385 219145
729 92646 219422
730 92893 219365
731 93138 221409
732 93389 220261
733 93641 221612
734 93893 222923
735 94145 223827
736 94398 224996
737 94650 225414
738 94911 224727
739 95155 225258
740 95403 225184
741 95657 227818
742 95913 229011
743 96165 226785
744 96418 228059
745 96686 229601
746 96935 230091
747 97186 233164
748 97438 228456
749 97696 231701
750 97953 233509
751 98213 234779
752 98468 234085
753 98729 233784
754 98990 234212
755 99240 234509
756 99495 237353
757 99756 237244
758 100020 238117
759 100273 239639
760 100533 238357
761 100805 240035
762 101059 240012
763 101313 239517
764 101578 243109
765 101836 241294
766 102099 242599
767 102364 242427
768 102630 245024
769 102894 241346
770 103164 246009
771 103425 245092
772 103683 246538
773 103943 246632
774 104205 248349
775 104471 248245
776 104729 247851
777 105006 250571
778 105277 250512
779 105540 250806
780 105802 252116
781 106065 252259
782 106333 254234
783 106606 253532
784 106877 250995
785 107145 254480
786 107417 254983
787 107683 255318
788 107949 255340
789 108217 255551
790 108487 259811
791 108757 257509
792 109014 261428
793 109295 260392
794 109571 262697
795 109840 262389
796 110111 259938
797 110386 262262
798 110657 263450
799 110922 264538
800 111198 263119
801 111475 261359
802 111749 267150
803 112020 265855
804 112294 266469
805 112563 266895
806 112841 267237
807 113114 267919
808 113389 270099
809 113673 267916
810 113948 270812
811 114224 269605
812 114499 272906
813 114776 273319
814 115051 272264
815 115332 274209
816 115609 274682
817 115892 276365
818 116174 275826
819 116449 277400
820 116723 278788
821 117008 278221
822 117288 278041
823 117565 279603
824 117838 282304
825 118134 280910
826 118416 279550
827 118692 282047
828 118974 282478
829 119256 282431
830 119539 281084
831 119825 284043
832 120112 287827
833 120398 288358
834 120686 285084
835 120968 285553
836 121249 289054
837 121535 288303
838 121819 291137
839 122101 290397
840 122385 290602
841 122683 292123
842 122972 290874
843 123253 293205
844 123538 292021
845 123828 294546
846 124111 297771
847 124404 298159
848 124698 298147
849 124989 297750
850 125283 301363
851 125571 300346
852 125857 297678
853 126146 297778
854 126437 299242
855 126726 301235
856 127012 302275
857 127316 302600
858 127605 305681
859 127894 305664
860 128189 303254
861 128483 307227
862 128775 306240
863 129070 306223
864 129362 307606
865 129661 311439
866 129958 306862
867 130256 311289
868 130546 313746
869 130840 311066
870 131137 311302
871 131430 312867
872 131721 315465
873 132032 312814
874 132329 315512
875 132625 315276
876 132922 317774
877 133218 315610
878 133516 318594
879 133819 316949
880 134119 319135
881 134421 319901
882 134725 322790
883 135024 324881
884 135319 323145
885 135624 323463
886 135924 324863
887 136222 324800
888 136521 324406
889 136834 325094
890 137138 325328
891 137435 328505
892 137742 328929
893 138044 327702
894 138346 326637
895 138653 330398
896 138963 335909
897 139268 333170
898 139578 330923
899 139882 336278
900 140181 337391
901 140491 337281
902 140796 334635
903 141101 333901
904 141404 341546
905 141719 338711
906 142037 338914
907 142338 340210
908 142645 341899
909 142955 341202
910 143262 341627
911 143575 342269
912 143888 342871
913 144199 346204
914 144516 347272
915 144825 343956
916 145132 349016
917 145444 348903
918 145753 346433
919 146067 346602
920 146374 349507
921 146696 349863
922 147011 351950
923 147321 353816
924 147631 354020
925 147953 352501
926 148266 352527
927 148581 351107
928 148894 353376
929 149211 356636
930 149536 356219
931 149854 356324
932 150165 360755
933 150479 359460
934 150797 358373
935 151109 360032
936 151429 363825
937 151758 360683
938 152079 363476
939 152395 363413
940 152712 365110
941 153034 368791
942 153348 364989
943 153671 365643
944 153993 372001
945 154315 367079
946 154644 370789
947 154962 372238
948 155280 372166
949 155603 371251
950 155926 371962
951 156247 374300
952 156565 371438
953 156903 374447
954 157228 373568
955 157547 372737
956 157872 377030
957 158195 381093
958 158521 381733
959 158846 377687
960 159173 378756
961 159502 379922
962 159836 382150
963 160165 380591
964 160487 381199
965 160811 386827
966 161138 383012
967 161468 386816
968 161792 386960
969 162132 389710
970 162467 389236
971 162790 389382
972 163115 392560
973 163447 393038
974 163778 395224
975 164112 395084
976 164444 394816
977 164777 395902
978 165115 396169
979 165450 397339
980 165776 396350
981 166109 399129
982 166441 397489
983 166774 400652
984 167104 402757
985 167448 398993
986 167786 403078
987 168111 402326
988 168448 402783
989 168785 405449
990 169121 403072
991 169459 406622
992 169797 408771
993 170129 408845
994 170475 408800
995 170817 407528
996 171147 406587
997 171486 413117
998 171825 411948
999 172163 409701
1000 172502 418619
1001 172850 411621
1002 173195 412581
1003 173525 419242
1004 173864 419047
1005 174205 418626
1006 174547 417308
1007 174892 419760
1008 175231 417410
1009 175576 422192
1010 175923 418605
1011 176270 419764
1012 176605 423871
1013 176948 423728
1014 177296 423549
1015 177635 422451
1016 177981 425130
1017 178337 426110
1018 178683 428701
1019 179022 429771
1020 179370 429722
1021 179713 431912
1022 180059 433277
1023 180407 437086
1024 180755 432881
1025 181113 437325
1026 181461 433538
1027 181816 438268
1028 182150 437957
1029 182504 437049
1030 182849 436282
1031 183202 439003
1032 183546 439608
1033 183894 439413
1034 184258 442508
1035 184612 445592
1036 184957 443575
1037 185311 442869
1038 185667 445386
1039 186019 447326
1040 186382 444839
1041 186738 445073
1042 187090 450220
1043 187449 448577
1044 187792 450926
1045 188148 449589
1046 188500 450106
1047 188859 451937
1048 189206 451204
1049 189561 456452
1050 189933 456101
1051 190287 456616
1052 190642 455282
1053 190999 455229
1054 191361 458553
1055 191719 459803
1056 192079 461373
1057 192447 464723
1058 192806 463297
1059 193166 463924
1060 193518 460909
1061 193880 467401
1062 194235 467058
1063 194603 463258
1064 194958 470269
1065 195315 465723
1066 195690 467311
1067 196051 472293
1068 196409 468625
1069 196771 471558
1070 197137 474039
1071 197503 474054
1072 197877 479833
1073 198239 476591
1074 198606 478748
1075 198976 476585
1076 199331 480195
1077 199694 482556
1078 200059 478839
1079 200431 479327
1080 200786 484339
1081 201149 483231
1082 201533 485284
1083 201898 482482
1084 202266 486906
1085 202629 487845
1086 203003 483267
1087 203374 488694
1088 203739 489158
1089 204121 490037
1090 204490 493599
1091 204867 493079
1092 205229 489546
1093 205598 487050
1094 205969 496346
1095 206341 498775
1096 206708 497628
1097 207077 498385
1098 207461 499712
1099 207835 495674
1100 208201 497910
1101 208579 501582
1102 208954 503334
1103 209329 501792
1104 209706 501596
1105 210084 502433
1106 210462 504701
1107 210845 510059
1108 211209 507916
1109 211586 507029
1110 211955 509702
1111 212340 508114
1112 212708 512511
1113 213083 516156
1114 213477 512700
1115 213856 513952
1116 214228 515233
1117 214604 517792
1118 214986 517304
1119 215370 519962
1120 215745 519266
1121 216134 513760
1122 216520 520690
1123 216903 523344
1124 217275 524382
1125 217660 521830
1126 218039 524288
1127 218422 524386
1128 218797 528938
1129 219176 523738
1130 219571 530778
1131 219957 527067
1132 220337 529000
1133 220721 531190
1134 221111 529552
1135 221496 531814
1136 221884 531054
1137 222271 533058
1138 222662 536493
1139 223054 536688
1140 223432 538841
1141 223817 535161
1142 224203 537615
1143 224593 539982
1144 224972 544247
1145 225356 544161
1146 225759 538472
1147 226148 544129
1148 226533 544712
1149 226922 545827
1150 227318 547120
1151 227707 552011
1152 228089 545690
1153 228488 545865
1154 228888 552025
1155 229284 546947
1156 229667 551500
1157 230059 555170
1158 230449 555915
1159 230843 555067
1160 231236 557579
1161 231626 558630
1162 232030 554392
1163 232422 559106
1164 232816 559287
1165 233213 560328
1166 233609 558425
1167 234003 563356
1168 234396 561208
1169 234792 565581
1170 235199 567621
1171 235605 569013
1172 235993 569331
1173 236385 567037
1174 236781 569043
1175 237184 574844
1176 237579 567038
1177 237975 572132
1178 238388 575992
1179 238786 574249
1180 239184 576206
1181 239580 578452
1182 239981 579923
1183 240386 573364
1184 240778 575938
1185 241190 579544
1186 241598 580780
1187 242006 581200
1188 242400 584279
1189 242803 588333
1190 243201 587395
1191 243611 587194
1192 244010 588769
1193 244409 588011
1194 244830 586360
1195 245230 588143
1196 245631 589190
1197 246035 591276
1198 246448 587179
1199 246853 594661
1200 247262 595033
1201 247661 597202
1202 248080 596130
1203 248495 597764
1204 248894 601439
1205 249303 597985
1206 249709 600157
1207 250122 603468
1208 250522 607196
1209 250928 600671
1210 251356 603683
1211 251762 599252
1212 252168 612932
1213 252579 612994
1214 252994 609291
1215 253406 607986
1216 253810 606019
1217 254228 620244
1218 254649 614865
1219 255067 611454
1220 255476 613029
1221 255886 615439
1222 256298 613902
1223 256714 616844
1224 257125 618990
1225 257537 617607
1226 257963 627317
1227 258379 627235
1228 258791 624578
1229 259209 623328
1230 259625 625059
1231 260044 625152
1232 260457 628506
1233 260872 627135
1234 261303 630077
1235 261729 631509
1236 262141 627625
1237 262559 634407
1238 262974 637282
1239 263393 633877
1240 263810 634560
1241 264226 639171
1242 264663 635960
1243 265083 640647
1244 265499 636832
1245 265920 637423
1246 266343 645800
1247 266767 647474
1248 267178 646664
1249 267611 645571
1250 268045 648701
1251 268469 648009
1252 268888 648603
1253 269312 649092
1254 269734 649591
1255 270159 651266
1256 270584 652822
1257 271002 652093
1258 271444 655935
1259 271870 652359
1260 272291 654642
1261 272718 657093
1262 273148 660453
1263 273576 652537
1264 274003 656998
1265 274427 663005
1266 274868 658808
1267 275302 665982
1268 275725 667692
1269 276153 662710
1270 276579 663230
1271 277011 666822
1272 277437 671621
1273 277864 665629
1274 278301 668361
1275 278739 671237
1276 279168 673441
1277 279600 676059
1278 280035 670523
1279 280470 675819
1280 280891 672940
1281 281327 672962
1282 281778 679098
1283 282221 682380
1284 282646 680184
1285 283081 681852
1286 283511 685050
1287 283955 682912
1288 284384 683933
1289 284807 686858
1290 285254 687476
1291 285692 687304
1292 286128 688294
1293 286564 689140
1294 287004 691230
1295 287449 694087
1296 287884 693422
1297 288320 695615
1298 288773 696885
1299 289220 700109
1300 289652 697492
1301 290090 697345
1302 290530 702680
1303 290978 699983
1304 291410 702028
1305 291841 704070
1306 292294 702847
1307 292735 706025
1308 293177 708006
1309 293622 709742
1310 294064 709656
1311 294514 706476
1312 294947 708807
1313 295394 711286
1314 295852 713428
1315 296306 712184
1316 296744 715946
1317 297185 715918
1318 297631 715609
1319 298084 716719
1320 298526 721180
1321 298961 725941
1322 299421 718812
1323 299866 719804
1324 300312 724699
1325 300760 728667
1326 301210 727310
1327 301664 725754
1328 302105 727818
1329 302553 726051
1330 303019 730670
1331 303473 734397
1332 303921 738072
1333 304367 728895
1334 304819 737743
1335 305278 733732
1336 305721 736039
1337 306162 743867
1338 306623 742592
1339 307077 744169
1340 307534 743371
1341 307982 747031
1342 308441 741392
1343 308899 743541
1344 309339 742826
1345 309794 741994
1346 310270 745994
1347 310735 756110
1348 311183 749772
1349 311638 750343
1350 312092 751509
1351 312556 752485
1352 313008 756698
1353 313452 751881
1354 313922 762354
1355 314379 755435
1356 314834 759039
1357 315293 764163
1358 315754 758429
1359 316220 762060
1360 316670 761714
1361 317123 765315
1362 317608 766222
1363 318078 769163
1364 318532 769639
1365 318989 770345
1366 319448 765685
1367 319918 771021
1368 320373 771837
1369 320824 777623
1370 321303 778157
1371 321761 776276
1372 322226 777696
1373 322689 783160
1374 323154 777737
1375 323626 782342
1376 324075 782462
1377 324546 784670
1378 325027 787083
1379 325502 792950
1380 325962 793891
1381 326429 785330
1382 326894 790445
1383 327368 786867
1384 327829 794966
1385 328282 794445
1386 328761 795879
1387 329233 790267
1388 329701 794087
1389 330169 795733
1390 330641 799027
1391 331117 799631
1392 331582 793702
1393 332045 808694
1394 332536 801708
1395 333014 802346
1396 333484 810791
1397 333954 803861
1398 334424 809402
1399 334905 807441
1400 335367 810682
1401 335828 810687
1402 336317 820858
1403 336787 812788
1404 337264 814590
1405 337737 816496
1406 338215 813245
1407 338694 817927
1408 339152 816882
1409 339622 820667
1410 340127 824927
1411 340613 823758
1412 341082 823079
1413 341561 828111
1414 342034 827020
1415 342518 826198
1416 342993 830919
1417 343460 827989
1418 343952 827360
1419 344428 835815
1420 344906 832372
1421 345387 833873
1422 345870 836155
1423 346356 839810
1424 346820 832523
1425 347294 837071
1426 347807 841740
1427 348298 845975
1428 348775 841071
1429 349249 838359
1430 349731 845023
1431 350224 851184
1432 350705 850959
1433 351177 845956
1434 351672 852988
1435 352156 853459
1436 352641 852472
1437 353123 852447
1438 353609 857406
1439 354103 856170
1440 354572 859890
1441 355059 864071
1442 355568 860600
1443 356067 861056
1444 356547 858372
1445 357034 866094
1446 357516 867292
1447 358015 865871
1448 358502 871878
1449 358976 866194
1450 359480 867952
1451 359967 867913
1452 360455 868770
1453 360943 869604
1454 361436 877623
1455 361936 870139
1456 362416 882186
1457 362896 870549
1458 363419 872301
1459 363918 883009
1460 364410 878094
1461 364900 879376
1462 365389 884808
1463 365891 884698
1464 366384 889696
1465 366866 889145
1466 367371 890441
1467 367864 887184
1468 368358 885930
1469 368855 893694
1470 369351 895096
1471 369854 891992
1472 370332 895452
1473 370827 899421
1474 371353 902707
1475 371858 901965
1476 372354 898734
1477 372847 898913
1478 373342 899168
1479 373852 901932
1480 374348 905203
1481 374832 907845
1482 375348 911001
1483 375846 911631
1484 376346 913705
1485 376848 913731
1486 377348 917271
1487 377857 913358
1488 378337 918128
1489 378839 916393
1490 379371 919654
1491 379884 922895
1492 380383 921505
1493 380884 922452
1494 381385 923821
1495 381896 932713
1496 382398 920041
1497 382888 924973
1498 383410 927074
1499 383915 930525
1500 384417 927443
1501 384923 927551
1502 385432 926273
1503 385946 936084
1504 386435 938675
1505 386941 936260
1506 387477 939862
1507 387991 935240
1508 388496 941830
1509 389003 937619
1510 389512 945843
1511 390029 943949
1512 390538 945579
1513 391031 948044
1514 391558 950968
1515 392065 949550
1516 392575 953253
1517 393088 952552
1518 393602 950186
1519 394120 956248
1520 394615 951297
1521 395122 957650
1522 395664 961702
1523 396187 955664
1524 396698 960012
1525 397210 964002
1526 397723 958201
1527 398245 965226
1528 398757 964606
1529 399258 963643
1530 399777 966605
1531 400304 963830
1532 400819 969903
1533 401338 967858
1534 401856 973406
1535 402380 974782
1536 402876 973650
1537 403402 980405
1538 403953 975352
1539 404483 976363
1540 404991 986374
1541 405511 980508
1542 406031 984856
1543 406553 986663
1544 407069 984229
1545 407575 988665
1546 408122 989454
1547 408642 989757
1548 409162 984118
1549 409685 985870
1550 410212 996713
1551 410723 990644
1552 411231 998370
1553 411756 998809
1554 412312 992401
1555 412847 1000523
1556 413366 1000437
1557 413888 1006573
1558 414412 1003617
1559 414939 1001086
1560 415462 1011390
1561 415979 1009385
1562 416527 1009698
1563 417051 1008860
1564 417577 1005507
1565 418106 1013101
1566 418637 1014595
1567 419154 1014846
1568 419661 1014619
1569 420197 1020260
1570 420756 1015791
1571 421296 1020343
1572 421821 1011854
1573 422351 1021409
1574 422880 1029229
1575 423413 1027451
1576 423940 1027062
1577 424462 1029795
1578 425018 1023152
1579 425547 1026869
1580 426074 1038196
1581 426609 1033576
1582 427147 1034137
1583 427669 1041993
1584 428184 1035705
1585 428719 1037363
1586 429291 1036747
1587 429833 1037732
1588 430366 1042777
1589 430895 1039463
1590 431431 1047749
1591 431972 1041160
1592 432503 1046919
1593 433028 1048949
1594 433591 1048236
1595 434124 1048073
1596 434663 1049533
1597 435195 1056306
1598 435740 1059898
1599 436270 1053663
1600 436785 1055301
1601 437329 1060700
1602 437904 1062846
1603 438458 1064560
1604 438995 1072064
1605 439529 1062961
1606 440072 1065614
1607 440614 1062934
1608 441152 1070993
1609 441684 1066174
1610 442250 1073723
1611 442789 1071794
1612 443329 1073481
1613 443876 1080494
1614 444422 1072466
1615 444956 1075825
1616 445480 1077026
1617 446023 1080720
1618 446610 1076614
1619 447166 1077422
1620 447707 1087616
1621 448248 1083169
1622 448791 1081638
1623 449345 1087675
1624 449887 1085247
1625 450421 1091431
1626 450995 1084797
1627 451541 1095081
1628 452085 1097570
1629 452631 1091745
1630 453185 1096638
1631 453727 1096947
1632 454252 1102515
1633 454807 1102158
1634 455397 1104042
1635 455956 1095889
1636 456505 1103620
1637 457054 1109144
1638 457604 1107958
1639 458157 1106203
1640 458704 1113259
1641 459243 1117476
1642 459817 1115984
1643 460375 1118393
1644 460926 1114719
1645 461481 1108570
1646 462039 1123123
1647 462584 1117693
1648 463110 1121655
1649 463671 1124517
1650 464268 1127657
1651 464832 1129954
1652 465389 1133450
1653 465940 1128289
1654 466498 1130221
1655 467058 1125718
1656 467610 1135945
1657 468156 1135219
1658 468742 1134300
1659 469295 1138588
1660 469853 1139605
1661 470412 1135737
1662 470977 1147147
1663 471526 1142168
1664 472060 1143309
1665 472622 1144592
1666 473224 1145287
1667 473796 1151956
1668 474353 1152791
1669 474912 1152051
1670 475474 1156480
1671 476038 1151892
1672 476602 1157631
1673 477152 1153352
1674 477741 1151354
1675 478302 1157297
1676 478865 1163191
1677 479433 1158363
1678 479997 1166961
1679 480553 1172682
1680 481094 1167884
1681 481659 1169768
1682 482266 1174445
1683 482845 1167037
1684 483408 1174436
1685 483970 1179099
1686 484538 1174885
1687 485110 1175285
1688 485681 1179261
1689 486235 1178639
1690 486825 1179082
1691 487394 1182928
1692 487963 1186842
1693 488529 1180430
1694 489101 1181997
1695 489666 1181599
1696 490211 1186332
1697 490785 1190248
1698 491397 1186154
1699 491979 1193110
1700 492547 1203938
1701 493118 1196750
1702 493690 1200649
1703 494267 1194621
1704 494840 1199547
1705 495400 1200143
1706 496000 1197986
1707 496568 1203403
1708 497141 1209439
1709 497717 1205986
1710 498298 1204613
1711 498864 1208262
1712 499415 1206931
1713 499989 1220472
1714 500610 1218128
1715 501198 1217205
1716 501774 1216999
1717 502349 1217422
1718 502928 1223996
1719 503508 1226703
1720 504087 1221120
1721 504654 1222099
1722 505257 1228603
1723 505830 1227078
1724 506409 1229043
1725 506991 1229464
1726 507573 1232915
1727 508148 1233183
1728 508703 1235416
1729 509285 1234042
1730 509907 1237236
1731 510504 1237121
1732 511086 1236730
1733 511663 1243080
1734 512246 1239815
1735 512832 1244719
1736 513417 1245410
1737 513989 1251392
1738 514595 1248979
1739 515179 1240847
1740 515764 1253195
1741 516350 1250580
1742 516938 1246853
1743 517516 1256911
1744 518072 1261922
1745 518662 1259355
1746 519293 1264975
1747 519894 1261804
1748 520480 1260596
1749 521066 1263055
1750 521653 1270204
1751 522241 1263981
1752 522834 1271356
1753 523411 1268860
1754 524026 1268786
1755 524614 1274458
1756 525203 1271276
1757 525792 1283867
1758 526386 1277077
1759 526970 1270211
1760 527532 1282204
1761 528123 1278113
1762 528763 1283528
1763 529366 1282135
1764 529958 1286894
1765 530550 1294036
1766 531144 1283766
1767 531739 1290128
1768 532339 1293758
1769 532918 1290518
1770 533536 1291002
1771 534130 1291558
1772 534725 1293257
1773 535321 1305814
1774 535921 1303523
1775 536510 1299139
1776 537078 1300570
1777 537673 1302047
1778 538317 1308520
1779 538927 1304573
1780 539526 1305353
1781 540124 1312649
1782 540720 1307792
1783 541322 1317268
1784 541924 1313217
1785 542509 1314933
1786 543123 1320960
1787 543733 1321098
1788 544334 1316199
1789 544936 1326922
1790 545538 1326427
1791 546135 1318356
1792 546707 1325687
1793 547304 1318568
1794 547958 1325210
1795 548575 1332819
1796 549177 1326453
1797 549779 1328220
1798 550380 1340194
1799 550995 1350881
1800 551598 1339618
1801 552176 1344360
1802 552806 1345038
1803 553414 1349206
1804 554023 1343664
1805 554628 1350961
1806 555239 1339366
1807 555844 1352485
1808 556423 1353146
1809 557031 1350225
1810 557684 1351684
1811 558305 1353239
1812 558913 1355681
1813 559520 1357547
1814 560131 1357935
1815 560747 1363370
1816 561354 1360145
1817 561945 1365215
1818 562582 1359523
1819 563187 1362841
1820 563802 1374418
1821 564415 1364959
1822 565031 1371524
1823 565639 1376344
1824 566221 1376328
1825 566833 1381627
1826 567494 1372920
1827 568122 1382672
1828 568736 1379082
1829 569346 1386634
1830 569963 1379866
1831 570585 1385902
1832 571198 1385415
1833 571797 1392511
1834 572436 1383767
1835 573050 1385124
1836 573668 1393362
1837 574284 1402832
1838 574907 1399330
1839 575520 1400343
1840 576105 1401763
1841 576723 1401124
1842 577392 1394098
1843 578024 1403367
1844 578646 1408642
1845 579259 1404650
1846 579880 1406925
1847 580509 1412700
1848 581128 1400947
1849 581731 1416549
1850 582370 1410560
1851 582992 1411009
1852 583620 1417547
1853 584238 1417163
1854 584866 1416981
1855 585486 1420512
1856 586077 1420931
1857 586697 1424111
1858 587374 1436564
1859 588010 1438670
1860 588638 1434666
1861 589260 1441101
1862 589886 1421468
1863 590519 1429380
1864 591141 1435271
1865 591746 1438138
1866 592401 1444510
1867 593023 1442934
1868 593652 1451803
1869 594280 1442687
1870 594912 1442070
1871 595537 1447068
1872 596129 1448805
1873 596757 1449168
1874 597440 1446897
1875 598087 1451481
1876 598715 1450930
1877 599342 1453657
1878 599971 1453539
1879 600614 1461413
1880 601237 1455232
1881 601851 1456083
1882 602511 1460116
1883 603139 1467020
1884 603775 1473175
1885 604406 1460829
1886 605041 1469274
1887 605674 1466537
1888 606274 1484693
1889 606908 1474421
1890 607596 1469747
1891 608242 1480121
1892 608878 1477262
1893 609511 1480199
1894 610149 1486327
1895 610794 1481125
1896 611425 1486230
1897 612042 1487525
1898 612697 1497390
1899 613339 1492866
1900 613980 1492795
1901 614620 1503454
1902 615262 1499362
1903 615896 1495710
1904 616504 1502478
1905 617133 1497661
1906 617834 1496244
1907 618485 1499402
1908 619128 1504816
1909 619768 1502312
1910 620410 1517648
1911 621059 1519176
1912 621696 1512268
1913 622317 1516845
1914 622987 1517808
1915 623623 1510662
1916 624272 1517869
1917 624915 1527046
1918 625566 1512689
1919 626204 1526942
1920 626809 1530713
1921 627450 1515319
1922 628155 1529763
1923 628815 1530556
1924 629461 1526270
1925 630106 1533824
1926 630750 1534403
1927 631402 1538049
1928 632048 1538303
1929 632676 1536427
1930 633355 1550416
1931 634002 1545314
1932 634646 1543016
1933 635298 1539589
1934 635952 1546666
1935 636596 1551860
1936 637206 1547900
1937 637853 1548335
1938 638564 1544176
1939 639231 1548683
1940 639881 1555306
1941 640522 1554854
1942 641176 1555243
1943 641842 1553949
1944 642497 1557392
1945 643129 1565601
1946 643804 1561991
1947 644456 1562984
1948 645113 1569850
1949 645763 1560179
1950 646419 1573413
1951 647074 1576751
1952 647687 1579529
1953 648337 1577871
1954 649056 1574304
1955 649725 1586280
1956 650387 1587099
1957 651040 1591360
1958 651694 1577575
1959 652362 1594019
1960 653024 1582891
1961 653657 1583869
1962 654345 1591251
1963 654997 1588944
1964 655655 1593182
1965 656315 1593119
1966 656978 1604451
1967 657638 1591412
1968 658257 1600727
1969 658913 1593543
1970 659637 1597491
1971 660312 1603399
1972 660978 1606043
1973 661638 1606606
1974 662297 1614659
1975 662968 1612113
1976 663635 1605966
1977 664277 1617105
1978 664965 1618082
1979 665622 1618189
1980 666289 1616639
1981 666957 1617570
1982 667626 1633182
1983 668287 1618509
1984 668914 1631367
1985 669576 1637579
1986 670301 1629751
1987 670985 1635455
1988 671655 1632967
1989 672315 1629801
1990 672982 1638695
1991 673662 1645898
1992 674331 1642828
1993 674975 1647380
1994 675673 1646609
1995 676337 1642191
1996 677010 1651883
1997 677680 1643219
1998 678351 1644207
1999 679020 1653329
2000 679646 1652627
2001 680314 1661006
2002 681051 1644704
2003 681738 1656677
2004 682414 1667345
2005 683084 1664053
2006 683757 1656391
2007 684438 1674199
2008 685111 1675057
2009 685764 1664953
2010 686465 1668396
2011 687134 1681218
2012 687811 1671576
2013 688487 1668107
2014 689167 1677349
2015 689840 1680612
2016 690480 1676531
2017 691150 1681463
2018 691889 1689133
2019 692576 1676572
2020 693259 1685530
2021 693930 1679942
2022 694614 1686858
2023 695298 1693026
2024 695981 1696512
2025 696636 1686399
2026 697341 1697517
2027 698018 1694661
2028 698700 1686950
2029 699381 1700393
2030 700066 1707346
2031 700745 1699972
2032 701387 1711417
2033 702061 1696738
2034 702810 1701174
2035 703505 1712897
2036 704187 1706549
2037 704868 1719064
2038 705555 1728313
2039 706244 1720623
2040 706931 1718479
2041 707595 1730708
2042 708290 1723361
2043 708987 1717002
2044 709675 1724662
2045 710364 1721874
2046 711051 1726977
2047 711735 1732995
2048 712376 1734040
2049 713055 1733481
2050 713825 1742575
2051 714518 1746174
2052 715214 1733933
2053 715897 1748839
2054 716582 1746900
2055 717281 1748961
2056 717976 1739397
2057 718669 1743701
2058 719341 1746191
2059 720056 1754407
2060 720756 1751867
2061 721448 1748701
2062 722151 1748116
2063 722842 1751774
2064 723541 1757162
2065 724220 1764344
2066 724898 1768193
2067 725595 1762668
2068 726312 1766256
2069 726998 1770068
2070 727684 1771586
2071 728390 1769149
2072 729109 1774808
2073 729805 1791045
2074 730499 1777400
2075 731196 1787078
2076 731903 1785483
2077 732587 1780453
2078 733301 1786577
2079 734013 1793433
2080 734726 1785218
2081 735396 1788429
2082 736095 1802698
2083 736812 1787905
2084 737522 1791275
2085 738225 1797967
2086 738919 1796261
2087 739630 1798015
2088 740331 1802391
2089 741048 1806618
2090 741716 1809565
2091 742420 1813767
2092 743137 1799345
2093 743842 1803275
2094 744544 1804832
2095 745249 1815859
2096 745981 1814571
2097 746669 1814242
2098 747374 1818677
2099 748093 1825939
2100 748803 1827516
2101 749516 1828748
2102 750210 1825004
2103 750926 1821126
2104 751639 1830794
2105 752327 1831021
2106 753029 1829866
2107 753766 1833240
2108 754480 1835961
2109 755187 1839444
2110 755911 1842259
2111 756618 1841393
2112 757319 1838595
2113 758014 1840609
2114 758715 1854006
2115 759432 1854654
2116 760155 1859739
2117 760868 1851861
2118 761574 1853019
2119 762292 1847261
2120 763037 1856548
2121 763743 1857414
2122 764445 1865426
2123 765158 1868184
2124 765872 1855312
2125 766583 1863919
2126 767302 1867216
2127 768042 1866808
2128 768761 1873346
2129 769444 1870769
2130 770156 1864308
2131 770910 1874233
2132 771621 1876696
2133 772336 1884968
2134 773062 1883622
2135 773787 1894425
2136 774516 1891743
2137 775218 1885677
2138 775919 1885369
2139 776642 1898458
2140 777371 1892926
2141 778092 1893313
2142 778811 1893513
2143 779535 1891578
2144 780289 1900549
2145 780984 1901905
2146 781711 1911224
2147 782444 1918087
2148 783170 1906972
2149 783889 1905167
2150 784611 1915508
2151 785341 1912701
2152 786068 1916058
2153 786791 1917403
2154 787491 1915691
2155 788246 1924965
2156 788973 1917481
2157 789697 1921452
2158 790429 1916480
2159 791155 1916282
2160 791883 1916695
2161 792598 1935981
2162 793306 1941426
2163 794031 1939793
2164 794785 1933998
2165 795506 1942762
2166 796223 1944883
2167 796958 1941504
2168 797714 1942556
2169 798437 1932831
2170 799161 1945997
2171 799891 1948956
2172 800633 1940953
2173 801349 1951118
2174 802089 1949312
2175 802840 1961233
2176 803570 1951910
2177 804270 1950085
2178 805002 1965606
2179 805767 1958370
2180 806505 1969322
2181 807241 1964126
2182 807969 1967067
2183 808712 1967087
2184 809448 1972987
2185 810186 1974398
2186 810888 1974185
2187 811630 1975300
2188 812373 1982570
2189 813114 1986979
2190 813845 1975925
2191 814584 1991643
2192 815348 1976197
2193 816070 1990993
2194 816802 1997447
2195 817551 1990947
2196 818290 1987696
2197 819032 1995431
2198 819779 1998367
2199 820522 1997843
2200 821261 1995080
2201 821994 1987875
2202 822717 2001390
2203 823485 2013694
2204 824236 2012124
2205 824973 2004142
2206 825724 2011740
2207 826469 2022898
2208 827220 2008478
2209 827941 2019927
2210 828671 2031780
2211 829407 2029427
2212 830162 2028504
2213 830909 2028442
2214 831642 2023408
2215 832396 2027741
2216 833179 2035451
2217 833923 2032568
2218 834645 2029161
2219 835389 2024385
2220 836137 2033820
2221 836875 2046555
2222 837631 2044146
2223 838403 2048050
2224 839149 2045674
2225 839866 2047370
2226 840612 2046601
2227 841388 2050693
2228 842139 2057837
2229 842891 2052591
2230 843645 2052120
2231 844404 2055080
2232 845158 2048338
2233 845905 2063624
2234 846630 2072346
2235 847381 2052307
2236 848146 2073176
2237 848900 2067655
2238 849649 2062504
2239 850408 2067001
2240 851189 2073047
2241 851915 2076533
2242 852675 2067171
2243 853442 2081121
2244 854202 2074187
2245 854952 2089311
2246 855709 2085899
2247 856469 2097284
2248 857228 2089613
2249 857973 2077612
2250 858711 2082273
2251 859503 2096073
2252 860258 2103663
2253 861015 2098608
2254 861781 2088683
2255 862546 2088943
2256 863305 2106681
2257 864035 2110744
2258 864782 2109127
2259 865546 2109748
2260 866317 2096531
2261 867081 2111272
2262 867831 2102057
2263 868603 2114310
2264 869386 2116197
2265 870145 2120766
2266 870892 2135987
2267 871656 2126993
2268 872418 2124323
2269 873176 2119989
2270 873949 2131577
2271 874737 2130575
2272 875504 2133729
2273 876237 2132910
2274 877000 2136553
2275 877785 2135484
2276 878560 2129139
2277 879330 2149085
2278 880090 2145090
2279 880863 2142160
2280 881632 2144108
2281 882407 2140050
2282 883136 2158121
2283 883903 2149473
2284 884684 2162619
2285 885459 2160324
2286 886223 2165323
2287 886995 2157704
2288 887791 2151614
2289 888542 2155859
2290 889307 2173053
2291 890082 2177274
2292 890856 2165598
2293 891629 2166132
2294 892407 2179007
2295 893185 2170642
2296 893961 2189624
2297 894723 2187790
2298 895477 2190062
2299 896272 2180714
2300 897055 2189082
2301 897825 2187609
2302 898618 2200139
2303 899391 2190314
2304 900162 2193666
2305 900912 2190917
2306 901685 2200991
2307 902465 2202171
2308 903243 2191893
2309 904025 2211654
2310 904816 2205688
2311 905602 2207488
2312 906384 2207154
2313 907160 2220895
2314 907916 2210414
2315 908696 2210515
2316 909471 2224561
2317 910269 2219318
2318 911058 2220511
2319 911846 2215611
2320 912624 2231011
2321 913386 2223841
2322 914155 2223373
2323 914936 2248430
2324 915728 2238012
2325 916509 2231973
2326 917302 2241190
2327 918096 2248203
2328 918875 2249764
2329 919656 2248493
2330 920426 2239390
2331 921210 2247057
2332 922005 2251939
2333 922796 2263776
2334 923595 2258064
2335 924377 2241217
2336 925175 2251224
2337 925938 2261134
2338 926711 2266319
2339 927499 2275702
2340 928281 2254426
2341 929076 2261135
2342 929879 2268574
2343 930676 2274037
2344 931467 2276925
2345 932256 2274715
2346 933014 2275583
2347 933807 2279038
2348 934601 2275479
2349 935409 2293447
2350 936205 2284992
2351 936998 2283367
2352 937792 2287526
2353 938555 2283753
2354 939345 2282234
2355 940142 2292049
2356 940940 2302256
2357 941740 2285079
2358 942538 2305456
2359 943340 2304742
2360 944132 2297392
2361 944926 2314594
2362 945701 2301389
2363 946497 2314212
2364 947292 2304908
2365 948105 2312266
2366 948905 2311416
2367 949711 2313325
2368 950506 2312165
2369 951275 2322534
2370 952067 2328044
2371 952871 2329448
2372 953668 2339459
2373 954472 2309849
2374 955284 2327775
2375 956090 2325034
2376 956895 2327897
2377 957681 2336371
2378 958465 2342994
2379 959268 2338706
2380 960065 2352792
2381 960885 2340723
2382 961697 2353312
2383 962503 2341956
2384 963311 2342274
2385 964084 2340199
2386 964882 2354887
2387 965687 2356247
2388 966482 2360361
2389 967292 2349758
2390 968119 2361390
2391 968928 2368829
2392 969738 2371154
2393 970537 2370134
2394 971316 2356335
2395 972124 2376960
2396 972932 2373110
2397 973751 2385818
2398 974574 2371495
2399 975384 2372351
2400 976194 2380977
2401 976973 2398531
2402 977776 2383966
2403 978582 2390353
2404 979397 2392226
2405 980209 2389683
2406 981030 2381310
2407 981845 2403838
2408 982664 2399616
2409 983472 2398804
2410 984255 2408520
2411 985068 2406195
2412 985880 2410870
2413 986713 2411232
2414 987533 2406975
2415 988349 2415175
2416 989158 2405190
2417 989952 2402319
2418 990758 2415125
2419 991570 2430182
2420 992390 2424132
2421 993201 2432780
2422 994032 2431244
2423 994856 2427598
2424 995670 2430741
2425 996482 2432509
2426 997279 2432584
2427 998098 2421954
2428 998919 2433564
2429 999749 2428333
2430 1000576 2441975
2431 1001400 2441078
2432 1002210 2442855
2433 1002999 2442455
2434 1003815 2446359
2435 1004639 2454606
2436 1005457 2449649
2437 1006282 2459206
2438 1007121 2458439
2439 1007952 2466211
2440 1008777 2457400
2441 1009585 2457094
2442 1010381 2460514
2443 1011210 2458905
2444 1012029 2470577
2445 1012869 2468419
2446 1013700 2478282
2447 1014528 2480869
2448 1015354 2468668
2449 1016147 2484103
2450 1016971 2471683
2451 1017794 2484099
2452 1018620 2477913
2453 1019450 2486120
2454 1020294 2480474
2455 1021122 2488203
2456 1021953 2492275
2457 1022779 2484897
2458 1023576 2493486
2459 1024411 2499599
2460 1025235 2501672
2461 1026077 2503393
2462 1026919 2497231
2463 1027753 2518216
2464 1028589 2510480
2465 1029388 2495783
2466 1030211 2506552
2467 1031036 2513122
2468 1031865 2518147
2469 1032699 2509850
2470 1033548 2512495
2471 1034390 2531080
2472 1035224 2529050
2473 1036051 2520437
2474 1036857 2528024
2475 1037693 2529655
2476 1038527 2542698
2477 1039375 2546151
2478 1040214 2536966
2479 1041057 2536910
2480 1041890 2536092
2481 1042693 2551769
2482 1043525 2545525
2483 1044361 2552748
2484 1045196 2544397
2485 1046039 2548871
2486 1046894 2560390
2487 1047738 2559737
2488 1048573 2550979
2489 1049412 2552811
2490 1050221 2564985
2491 1051062 2557667
2492 1051897 2568219
2493 1052754 2560774
2494 1053602 2572667
2495 1054450 2560460
2496 1055286 2576205
2497 1056094 2583771
2498 1056932 2586148
2499 1057768 2585668
2500 1058615 2589386
2501 1059459 2580769
2502 1060320 2584418
2503 1061168 2601484
2504 1062017 2590262
2505 1062845 2584718
2506 1063666 2598216
2507 1064516 2603004
2508 1065360 2606145
2509 1066217 2595336
2510 1067072 2606088
2511 1067927 2600302
2512 1068772 2598850
2513 1069585 2614976
2514 1070424 2610579
2515 1071269 2612721
2516 1072118 2608462
2517 1072971 2622656
2518 1073833 2623726
2519 1074688 2635718
2520 1075534 2625951
2521 1076385 2623768
2522 1077200 2627992
2523 1078054 2645553
2524 1078900 2621514
2525 1079768 2643180
2526 1080632 2640107
2527 1081485 2623626
2528 1082332 2642039
2529 1083160 2639111
2530 1084001 2646399
2531 1084850 2630867
2532 1085705 2648366
2533 1086563 2654013
2534 1087433 2654168
2535 1088295 2655999
2536 1089151 2658009
2537 1089989 2653179
2538 1090824 2664226
2539 1091676 2672642
2540 1092531 2661022
2541 1093400 2668857
2542 1094272 2666061
2543 1095128 2682852
2544 1095987 2684919
2545 1096810 2675360
2546 1097665 2663701
2547 1098518 2676619
2548 1099379 2682969
2549 1100243 2686269
2550 1101116 2694933
2551 1101980 2691713
2552 1102844 2686173
2553 1103703 2693613
2554 1104529 2698225
2555 1105395 2699638
2556 1106251 2710166
2557 1107122 2697930
2558 1107996 2704049
2559 1108866 2708174
2560 1109727 2697142
2561 1110554 2725781
2562 1111417 2724873
2563 1112281 2716151
2564 1113143 2720498
2565 1114012 2717720
2566 1114884 2716640
2567 1115752 2732825
2568 1116625 2726147
2569 1117496 2717384
2570 1118325 2721357
2571 1119196 2746784
2572 1120061 2739732
2573 1120944 2749936
2574 1121814 2729951
2575 1122684 2734978
2576 1123552 2741893
2577 1124390 2745209
2578 1125257 2757680
2579 1126119 2741918
2580 1127000 2751801
2581 1127860 2749050
2582 1128737 2752453
2583 1129613 2751954
2584 1130489 2755934
2585 1131353 2771316
2586 1132203 2772000
2587 1133076 2771463
2588 1133956 2781423
2589 1134833 2776309
2590 1135711 2767524
2591 1136587 2762848
2592 1137467 2790991
2593 1138302 2780754
2594 1139174 2784392
2595 1140049 2784673
2596 1140915 2781559
2597 1141794 2784491
2598 1142685 2792512
2599 1143561 2779034
2600 1144440 2777650
2601 1145322 2800529
2602 1146166 2790311
2603 1147038 2794461
2604 1147921 2806698
2605 1148814 2799629
2606 1149692 2803499
2607 1150575 2821596
2608 1151451 2784751
2609 1152296 2806090
2610 1153178 2813393
2611 1154052 2829416
2612 1154943 2814777
2613 1155824 2824760
2614 1156707 2829118
2615 1157590 2830166
2616 1158473 2826544
2617 1159347 2850083
2618 1160207 2821247
2619 1161092 2850740
2620 1161974 2838727
2621 1162874 2828631
2622 1163757 2842720
2623 1164653 2843047
2624 1165529 2850070
2625 1166381 2843349
2626 1167267 2854501
2627 1168146 2856275
2628 1169028 2853506
2629 1169917 2856380
2630 1170818 2858621
2631 1171706 2862757
2632 1172600 2864575
2633 1173480 2871264
2634 1174343 2857571
2635 1175229 2884164
2636 1176115 2854919
2637 1177022 2878023
2638 1177911 2863357
2639 1178806 2885369
2640 1179699 2875902
2641 1180549 2890990
2642 1181443 2890107
2643 1182333 2889810
2644 1183218 2889638
2645 1184105 2888013
2646 1185017 2883964
2647 1185910 2894045
2648 1186808 2903450
2649 1187693 2902659
2650 1188558 2897609
2651 1189453 2904242
2652 1190347 2901913
2653 1191257 2921391
2654 1192154 2902623
2655 1193047 2912565
2656 1193950 2918313
2657 1194808 2915302
2658 1195705 2941322
2659 1196589 2929620
2660 1197491 2913398
2661 1198386 2919293
2662 1199294 2926506
2663 1200196 2944547
2664 1201097 2931563
2665 1201995 2925863
2666 1202859 2945631
2667 1203763 2942044
2668 1204660 2943907
2669 1205579 2938271
2670 1206480 2944216
2671 1207380 2943780
2672 1208277 2951890
2673 1209150 2948889
2674 1210050 2943790
2675 1210939 2970002
2676 1211854 2974451
2677 1212748 2964375
2678 1213658 2968869
2679 1214561 2959303
2680 1215474 2960331
2681 1216372 2979930
2682 1217248 2976951
2683 1218156 2979012
2684 1219072 2977466
2685 1219975 2980978
2686 1220888 2976354
2687 1221796 2982057
2688 1222694 2978428
2689 1223564 2990500
2690 1224471 3004411
2691 1225382 2988800
2692 1226284 3009446
2693 1227193 2998350
2694 1228119 3003344
2695 1229029 2994790
2696 1229942 3009530
2697 1230843 3013614
2698 1231724 2998854
2699 1232631 3026153
2700 1233537 3007681
2701 1234471 3031555
2702 1235380 3022775
2703 1236294 3038417
2704 1237208 3043679
2705 1238079 3026153
2706 1238997 3035768
2707 1239900 3030398
2708 1240813 3045088
2709 1241724 3029621
2710 1242653 3029910
2711 1243567 3038129
2712 1244486 3037955
2713 1245395 3037445
2714 1246280 3049794
2715 1247199 3048662
2716 1248111 3055334
2717 1249043 3049608
2718 1249959 3056200
2719 1250883 3039774
2720 1251806 3043585
2721 1252685 3064431
2722 1253594 3054095
2723 1254507 3055188
2724 1255423 3076956
2725 1256339 3056836
2726 1257274 3062622
2727 1258191 3076657
2728 1259120 3065987
2729 1260040 3076343
2730 1260927 3083230
2731 1261846 3068508
2732 1262768 3078000
2733 1263704 3089413
2734 1264623 3087993
2735 1265552 3098331
2736 1266471 3088322
2737 1267353 3082449
2738 1268280 3068274
2739 1269200 3091222
2740 1270117 3115996
2741 1271042 3100906
2742 1271987 3086097
2743 1272910 3130048
2744 1273839 3090119
2745 1274761 3117102
2746 1275652 3125106
2747 1276579 3125927
2748 1277500 3132856
2749 1278449 3126980
2750 1279371 3121424
2751 1280310 3128827
2752 1281235 3122935
2753 1282124 3137306
2754 1283046 3125033
2755 1283975 3135256
2756 1284904 3133511
2757 1285830 3133724
2758 1286776 3159700
2759 1287709 3138850
2760 1288643 3138408
2761 1289565 3158472
2762 1290469 3154679
2763 1291399 3148681
2764 1292330 3155386
2765 1293277 3149109
2766 1294214 3171114
2767 1295153 3168812
2768 1296082 3158224
2769 1296978 3178081
2770 1297912 3163014
2771 1298840 3181141
2772 1299769 3179941
2773 1300705 3170193
2774 1301654 3181124
2775 1302592 3180868
2776 1303529 3181900
2777 1304463 3199992
2778 1305364 3189820
2779 1306307 3197444
2780 1307240 3201837
2781 1308192 3203677
2782 1309131 3195013
2783 1310075 3218673
2784 1311014 3210921
2785 1311914 3189255
2786 1312849 3214173
2787 1313784 3200396
2788 1314723 3208348
2789 1315667 3221244
2790 1316621 3212895
2791 1317564 3228315
2792 1318509 3223790
2793 1319448 3239179
2794 1320355 3221166
2795 1321294 3226053
2796 1322239 3230981
2797 1323197 3243964
2798 1324144 3234641
2799 1325085 3246103
2800 1326031 3230947
2801 1326934 3253945
2802 1327884 3235045
2803 1328820 3252369
2804 1329765 3259864
2805 1330707 3244211
2806 1331668 3258581
2807 1332614 3252200
2808 1333565 3274096
2809 1334508 3259811
2810 1335423 3265816
2811 1336375 3264299
2812 1337317 3269394
2813 1338281 3269708
2814 1339231 3275257
2815 1340189 3289839
2816 1341132 3263412
2817 1342041 3286662
2818 1342986 3283611
2819 1343933 3278475
2820 1344886 3296931
2821 1345839 3294640
2822 1346807 3281851
2823 1347759 3300533
2824 1348718 3301092
2825 1349671 3305708
2826 1350585 3305860
2827 1351532 3316131
2828 1352482 3307254
2829 1353456 3309552
2830 1354414 3301727
2831 1355372 3318844
2832 1356324 3311001
2833 1357241 3327647
2834 1358196 3321668
2835 1359140 3320141
2836 1360105 3326828
2837 1361055 3310760
2838 1362024 3322159
2839 1362986 3321813
2840 1363945 3328104
2841 1364897 3330090
2842 1365817 3336824
2843 1366778 3327366
2844 1367746 3330723
2845 1368711 3348963
2846 1369676 3355999
2847 1370641 3343220
2848 1371603 3347763
2849 1372522 3343781
2850 1373473 3357860
2851 1374433 3353380
2852 1375389 3360212
2853 1376349 3363876
2854 1377333 3352442
2855 1378296 3365668
2856 1379267 3385053
2857 1380222 3372002
2858 1381146 3381880
2859 1382108 3376928
2860 1383070 3384031
2861 1384057 3391528
2862 1385023 3390621
2863 1385993 3375794
2864 1386956 3377476
2865 1387880 3385591
2866 1388846 3391110
2867 1389805 3377919
2868 1390778 3404068
2869 1391746 3406389
2870 1392725 3412741
2871 1393692 3390328
2872 1394658 3397716
2873 1395624 3422991
2874 1396559 3405183
2875 1397525 3413052
2876 1398492 3434211
2877 1399484 3420699
2878 1400454 3440205
2879 1401435 3414361
2880 1402403 3437462
2881 1403329 3435778
2882 1404301 3427494
2883 1405264 3438371
2884 1406231 3438432
2885 1407208 3429064
2886 1408198 3432054
2887 1409169 3443344
2888 1410153 3435776
2889 1411109 3445307
2890 1412054 3456264
2891 1413028 3446218
2892 1413998 3461499
2893 1414994 3446482
2894 1415978 3456048
2895 1416959 3478380
2896 1417933 3456648
2897 1418867 3469302
2898 1419843 3477566
2899 1420812 3487192
2900 1421779 3480078
2901 1422759 3485731
2902 1423764 3500560
2903 1424743 3494682
2904 1425727 3483162
2905 1426698 3488513
2906 1427636 3490244
2907 1428613 3502564
2908 1429591 3498309
2909 1430591 3480646
2910 1431580 3490719
2911 1432566 3498002
2912 1433547 3505331
2913 1434486 3509337
2914 1435460 3503829
2915 1436436 3518866
2916 1437422 3508541
2917 1438405 3500406
2918 1439409 3536313
2919 1440392 3517469
2920 1441385 3524464
2921 1442352 3525473
2922 1443307 3529292
2923 1444291 3535976
2924 1445270 3533446
2925 1446283 3545025
2926 1447271 3538269
2927 1448261 3523635
2928 1449244 3550756
2929 1450198 3536840
2930 1451180 3547230
2931 1452154 3543336
2932 1453152 3563997
2933 1454137 3547270
2934 1455138 3567508
2935 1456128 3563661
2936 1457122 3557193
2937 1458107 3562285
2938 1459058 3573196
2939 1460051 3587333
2940 1461051 3566876
2941 1462046 3589375
2942 1463046 3568495
2943 1464046 3567761
2944 1465030 3580278
2945 1465980 3588673
2946 1466963 3599462
2947 1467957 3612806
2948 1468949 3589281
2949 1469943 3596341
2950 1470958 3609755
2951 1471953 3613775
2952 1472959 3617550
2953 1473935 3608659
2954 1474894 3611148
2955 1475895 3612058
2956 1476884 3601553
2957 1477901 3624348
2958 1478902 3616404
2959 1479908 3602174
2960 1480901 3633384
2961 1481855 3611908
2962 1482853 3634910
2963 1483841 3626174
2964 1484840 3629786
2965 1485842 3621409
2966 1486860 3642270
2967 1487861 3646669
2968 1488864 3638932
2969 1489860 3631149
2970 1490819 3644851
2971 1491828 3645850
2972 1492822 3654965
2973 1493842 3664919
2974 1494846 3651726
2975 1495862 3647911
2976 1496868 3657546
2977 1497823 3659647
2978 1498818 3656588
2979 1499812 3666785
2980 1500816 3676245
2981 1501821 3673176
2982 1502847 3677265
2983 1503856 3680025
2984 1504868 3671162
2985 1505860 3689623
2986 1506831 3692299
2987 1507835 3691110
2988 1508840 3693004
2989 1509868 3673437
2990 1510882 3686557
2991 1511895 3711019
2992 1512898 3715850
2993 1513863 3707528
2994 1514872 3699361
2995 1515869 3706057
2996 1516878 3713785
2997 1517888 3705931
2998 1518924 3731923
2999 1519937 3717112
3000 1520951 3726605
3001 1521958 3720029
3002 1522925 3713094
3003 1523939 3725899
3004 1524943 3727696
3005 1525978 3739024
3006 1526996 3737822
3007 1528017 3732010
3008 1529026 3731460
3009 1529996 3736188
3010 1530996 3748697
3011 1532010 3758975
3012 1533027 3756847
3013 1534043 3747428
3014 1535084 3760536
3015 1536097 3752163
3016 1537122 3761780
3017 1538117 3751773
3018 1539104 3758033
3019 1540121 3756738
3020 1541135 3762087
3021 1542172 3772521
3022 1543196 3783372
3023 1544226 3776755
3024 1545242 3788604
3025 1546216 3795758
3026 1547234 3784741
3027 1548241 3794443
3028 1549259 3799818
3029 1550281 3781409
3030 1551321 3799010
3031 1552344 3799224
3032 1553371 3799385
3033 1554389 3808407
3034 1555369 3807448
3035 1556389 3810001
3036 1557408 3808592
3037 1558451 3810209
3038 1559483 3811610
3039 1560516 3816210
3040 1561535 3821216
3041 1562519 3816053
3042 1563532 3846060
3043 1564553 3834385
3044 1565582 3825073
3045 1566609 3845544
3046 1567650 3835773
3047 1568685 3840436
3048 1569714 3830860
3049 1570722 3847037
3050 1571723 3842748
3051 1572748 3852434
3052 1573771 3850028
3053 1574821 3828890
3054 1575856 3847992
3055 1576891 3859930
3056 1577922 3865231
3057 1578902 3872407
3058 1579934 3885090
3059 1580953 3870501
3060 1581984 3879615
3061 1583015 3868379
3062 1584069 3869718
3063 1585101 3886189
3064 1586139 3887461
3065 1587172 3883872
3066 1588158 3867627
3067 1589194 3868314
3068 1590220 3886593
3069 1591271 3900178
3070 1592313 3904583
3071 1593357 3903423
3072 1594394 3919518
3073 1595401 3901450
3074 1596431 3915359
3075 1597464 3919479
3076 1598500 3906124
3077 1599535 3928605
3078 1600574 3922678
3079 1601619 3925371
3080 1602653 3940572
3081 1603693 3902307
3082 1604707 3917585
3083 1605749 3932608
3084 1606780 3929652
3085 1607828 3935001
3086 1608871 3941238
3087 1609905 3945076
3088 1610945 3946581
3089 1611960 3931945
3090 1612994 3945912
3091 1614031 3937198
3092 1615078 3945699
3093 1616111 3953327
3094 1617158 3951572
3095 1618203 3964192
3096 1619245 3950246
3097 1620282 3968171
3098 1621314 3972081
3099 1622356 3974263
3100 1623401 3988636
3101 1624446 3993874
3102 1625497 3968823
3103 1626534 3991035
3104 1627586 3996431
3105 1628607 3992077
3106 1629647 3985702
3107 1630691 3993538
3108 1631732 3998972
3109 1632781 3999678
3110 1633832 3993566
3111 1634882 3988057
3112 1635927 4006016
3113 1636973 4007060
3114 1638004 4008968
3115 1639052 4030785
3116 1640100 3982964
3117 1641158 4032265
3118 1642207 4002943
3119 1643251 4035749
3120 1644305 4026610
3121 1645328 4031105
3122 1646378 4025092
3123 1647434 4034647
3124 1648485 4024132
3125 1649538 4035781
3126 1650583 4039205
3127 1651639 4033566
3128 1652694 4036635
3129 1653735 4052170
3130 1654775 4048629
3131 1655835 4049870
3132 1656886 4039409
3133 1657947 4047756
3134 1659005 4060642
3135 1660062 4067604
3136 1661106 4070006
3137 1662143 4072481
3138 1663194 4066758
3139 1664253 4074275
3140 1665310 4058382
3141 1666366 4072544
3142 1667433 4081012
3143 1668492 4100209
3144 1669550 4107124
3145 1670598 4073935
3146 1671644 4080733
3147 1672704 4090752
3148 1673757 4104765
3149 1674831 4108273
3150 1675891 4097014
3151 1676950 4100397
3152 1678012 4114500
3153 1679047 4119027
3154 1680100 4100125
3155 1681165 4122576
3156 1682223 4095833
3157 1683284 4135750
3158 1684359 4113856
3159 1685426 4135590
3160 1686487 4131274
3161 1687540 4150416
3162 1688591 4114101
3163 1689658 4128109
3164 1690718 4133168
3165 1691791 4152000
3166 1692865 4157647
3167 1693927 4134064
3168 1694991 4141628
3169 1696034 4143655
3170 1697096 4156369
3171 1698163 4150035
3172 1699232 4154890
3173 1700293 4156837
3174 1701366 4169040
3175 1702439 4178311
3176 1703510 4168574
3177 1704570 4183233
3178 1705626 4178002
3179 1706694 4193229
3180 1707762 4169437
3181 1708842 4195372
3182 1709920 4185177
3183 1710987 4182199
3184 1712059 4198447
3185 1713104 4207361
3186 1714167 4193014
3187 1715239 4200810
3188 1716319 4205151
3189 1717384 4204814
3190 1718463 4210787
3191 1719542 4194307
3192 1720615 4197307
3193 1721683 4199051
3194 1722745 4222958
3195 1723817 4222268
3196 1724897 4221471
3197 1725972 4251082
3198 1727055 4241033
3199 1728131 4242909
3200 1729205 4248455
3201 1730253 4222075
3202 1731328 4249571
3203 1732413 4225781
3204 1733482 4229369
3205 1734567 4234854
3206 1735650 4253645
3207 1736733 4256383
3208 1737812 4252278
3209 1738881 4270886
3210 1739946 4265009
3211 1741028 4259271
3212 1742103 4251958
3213 1743195 4261844
3214 1744279 4262799
3215 1745360 4287500
3216 1746441 4294356
3217 1747496 4278788
3218 1748577 4283380
3219 1749660 4291129
3220 1750743 4299962
3221 1751824 4295571
3222 1752915 4283981
3223 1754005 4296441
3224 1755088 4295841
3225 1756170 4316555
3226 1757234 4300241
3227 1758324 4309843
3228 1759405 4293547
3229 1760500 4294529
3230 1761589 4308756
3231 1762681 4305246
3232 1763773 4311903
3233 1764832 4319121
3234 1765913 4320129
3235 1766995 4322154
3236 1768085 4328970
3237 1769173 4317885
3238 1770268 4321867
3239 1771363 4345455
3240 1772456 4342087
3241 1773534 4337605
3242 1774610 4341545
3243 1775699 4368872
3244 1776790 4361821
3245 1777890 4367347
3246 1778986 4357048
3247 1780078 4359511
3248 1781166 4354799
3249 1782233 4369222
3250 1783323 4353326
3251 1784421 4359082
3252 1785513 4363152
3253 1786604 4367320
3254 1787713 4381660
3255 1788810 4381430
3256 1789903 4370062
3257 1790994 4396736
3258 1792069 4370150
3259 1793164 4394594
3260 1794260 4411111
3261 1795364 4403195
3262 1796467 4404097
3263 1797566 4407059
3264 1798661 4411903
3265 1799733 4425325
3266 1800826 4411944
3267 1801929 4416446
3268 1803027 4411672
3269 1804125 4413084
3270 1805235 4423467
3271 1806334 4433659
3272 1807439 4436018
3273 1808526 4429296
3274 1809613 4441372
3275 1810718 4445812
3276 1811816 4448331
3277 1812930 4428076
3278 1814033 4439114
3279 1815141 4461559
3280 1816245 4453777
3281 1817317 4440278
3282 1818412 4455521
3283 1819519 4471338
3284 1820623 4453242
3285 1821727 4444188
3286 1822841 4468324
3287 1823949 4459035
3288 1825058 4467114
3289 1826162 4467266
3290 1827243 4480462
3291 1828352 4462310
3292 1829457 4472649
3293 1830575 4494681
3294 1831687 4479756
3295 1832794 4497821
3296 1833903 4487402
3297 1834983 4497428
3298 1836086 4486561
3299 1837200 4509449
3300 1838305 4501536
3301 1839419 4501180
3302 1840537 4510736
3303 1841653 4530156
3304 1842764 4510639
3305 1843869 4530310
3306 1844959 4537771
3307 1846068 4520431
3308 1847184 4523343
3309 1848308 4524348
3310 1849427 4523890
3311 1850535 4548452
3312 1851654 4533807
3313 1852744 4538643
3314 1853852 4538764
3315 1854962 4535696
3316 1856079 4566125
3317 1857190 4539033
3318 1858315 4557210
3319 1859434 4568314
3320 1860552 4561733
3321 1861665 4564028
3322 1862763 4557849
3323 1863885 4547786
3324 1864994 4551228
3325 1866127 4583941
3326 1867250 4567556
3327 1868371 4594371
3328 1869486 4580598
3329 1870571 4584130
3330 1871690 4576937
3331 1872810 4577226
3332 1873929 4584660
3333 1875051 4577777
3334 1876185 4585346
3335 1877310 4615273
3336 1878437 4589155
3337 1879557 4594787
3338 1880652 4597049
3339 1881773 4602226
3340 1882893 4623420
3341 1884027 4608825
3342 1885162 4623488
3343 1886286 4637295
3344 1887405 4614764
3345 1888505 4612389
3346 1889619 4616126
3347 1890743 4628885
3348 1891874 4623692
3349 1892999 4621543
3350 1894133 4628906
3351 1895271 4655599
3352 1896394 4660269
3353 1897515 4636394
3354 1898620 4639662
3355 1899746 4646459
3356 1900882 4641663
3357 1902015 4665846
3358 1903152 4666795
3359 1904282 4668954
3360 1905414 4686042
3361 1906519 4672687
3362 1907635 4664138
3363 1908769 4681164
3364 1909897 4663740
3365 1911030 4683133
3366 1912172 4705175
3367 1913314 4683753
3368 1914445 4681750
3369 1915562 4711259
3370 1916673 4712008
3371 1917806 4705352
3372 1918942 4701353
3373 1920090 4698056
3374 1921230 4706822
3375 1922363 4685451
3376 1923501 4717716
3377 1924607 4714193
3378 1925734 4711752
3379 1926874 4715664
3380 1928011 4712660
3381 1929149 4749685
3382 1930292 4720486
3383 1931435 4726946
3384 1932570 4745388
3385 1933705 4742061
3386 1934821 4758526
3387 1935961 4730734
3388 1937095 4741637
3389 1938246 4735678
3390 1939394 4753709
3391 1940539 4766340
3392 1941673 4759637
3393 1942786 4746347
3394 1943916 4764820
3395 1945062 4734441
3396 1946199 4756272
3397 1947346 4764530
3398 1948501 4771257
3399 1949647 4786998
3400 1950797 4768932
3401 1951918 4772343
3402 1953045 4777099
3403 1954190 4788597
3404 1955329 4777603
3405 1956492 4799588
3406 1957644 4800554
3407 1958792 4800146
3408 1959939 4802455
3409 1961053 4814723
3410 1962194 4801747
3411 1963342 4809086
3412 1964478 4797471
3413 1965629 4824302
3414 1966796 4833854
3415 1967944 4813275
3416 1969094 4808683
3417 1970241 4821726
3418 1971359 4798525
3419 1972510 4822965
3420 1973655 4833470
3421 1974818 4826535
3422 1975981 4828697
3423 1977134 4835204
3424 1978281 4836365
3425 1979402 4841230
3426 1980545 4845355
3427 1981698 4844075
3428 1982854 4857331
3429 1984005 4836686
3430 1985170 4851653
3431 1986328 4846308
3432 1987486 4868588
3433 1988624 4862411
3434 1989759 4847511
3435 1990913 4866067
3436 1992066 4893876
3437 1993241 4870370
3438 1994402 4885529
3439 1995559 4883009
3440 1996710 4876125
3441 1997842 4900568
3442 1998992 4909535
3443 2000145 4879654
3444 2001304 4915429
3445 2002461 4898440
3446 2003633 4932529
3447 2004799 4910868
3448 2005955 4909893
3449 2007107 4915317
3450 2008241 4918640
3451 2009403 4923627
3452 2010566 4922448
3453 2011733 4934055
3454 2012901 4920272
3455 2014071 4913225
3456 2015224 4934507
3457 2016356 4951816
3458 2017511 4933403
3459 2018679 4952534
3460 2019834 4957502
3461 2021004 4932193
3462 2022183 4958725
3463 2023354 4962284
3464 2024519 4960186
3465 2025664 4971934
3466 2026807 4953158
3467 2027979 4983993
3468 2029137 4963778
3469 2030317 4957060
3470 2031491 4962908
3471 2032663 4974042
3472 2033826 4992221
3473 2034963 4982248
3474 2036124 4987189
3475 2037292 4986262
3476 2038460 4978830
3477 2039631 5010084
3478 2040817 5007328
3479 2041989 4996208
3480 2043160 5018117
3481 2044324 4994612
3482 2045466 5012593
3483 2046642 5009783
3484 2047807 5007986
3485 2048990 5005007
3486 2050170 5036699
3487 2051347 5024397
3488 2052519 5025824
3489 2053661 5028153
3490 2054825 5033041
3491 2055996 5050523
3492 2057166 5027705
3493 2058344 5054572
3494 2059532 5039150
3495 2060714 5038802
3496 2061889 5049390
3497 2063049 5060398
3498 2064210 5046996
3499 2065383 5054869
3500 2066557 5051032
3501 2067746 5063213
3502 2068932 5081169
3503 2070112 5072902
3504 2071288 5074469
3505 2072432 5081865
3506 2073607 5079869
3507 2074784 5081222
3508 2075961 5090551
3509 2077144 5101079
3510 2078340 5075104
3511 2079525 5098961
3512 2080705 5106337
3513 2081885 5099154
3514 2083029 5101554
3515 2084214 5105752
3516 2085387 5105005
3517 2086586 5126691
3518 2087778 5119076
3519 2088963 5119686
3520 2090147 5127887
3521 2091294 5120571
3522 2092470 5127017
3523 2093653 5133633
3524 2094839 5134494
3525 2096026 5125155
3526 2097228 5139339
3527 2098420 5136317
3528 2099608 5151499
3529 2100769 5154640
3530 2101941 5155746
3531 2103131 5175263
3532 2104312 5149552
3533 2105510 5159649
3534 2106713 5164326
3535 2107906 5171445
3536 2109095 5153963
3537 2110251 5184448
3538 2111430 5169807
3539 2112611 5175569
3540 2113801 5166615
3541 2114996 5202072
3542 2116201 5184100
3543 2117398 5202844
3544 2118585 5200641
3545 2119779 5201426
3546 2120935 5192984
3547 2122130 5202115
3548 2123317 5195479
3549 2124527 5218762
3550 2125731 5188764
3551 2126929 5215325
3552 2128115 5227215
3553 2129280 5219158
3554 2130461 5228374
3555 2131655 5225868
3556 2132853 5224323
3557 2134051 5221847
3558 2135261 5252049
3559 2136468 5224863
3560 2137662 5230522
3561 2138836 5237794
3562 2140021 5237024
3563 2141215 5257382
3564 2142410 5254274
3565 2143623 5254425
3566 2144834 5254516
3567 2146029 5261584
3568 2147234 5263058
3569 2148394 5257284
3570 2149592 5267655
3571 2150787 5242514
3572 2151987 5266331
3573 2153195 5282729
3574 2154408 5284707
3575 2155613 5279067
3576 2156820 5282458
3577 2158020 5284488
3578 2159187 5287248
3579 2160394 5307293
3580 2161590 5288398
3581 2162807 5299210
3582 2164019 5298446
3583 2165230 5316680
3584 2166434 5294167
3585 2167597 5296240
3586 2168802 5307395
3587 2170009 5317871
3588 2171210 5309204
3589 2172421 5320044
3590 2173636 5318065
3591 2174849 5339357
3592 2176059 5341727
3593 2177272 5364845
3594 2178444 5356981
3595 2179654 5339444
3596 2180859 5337394
3597 2182088 5349383
3598 2183298 5375234
3599 2184509 5342406
3600 2185719 5367539
3601 2186894 5380582
3602 2188104 5366262
3603 2189309 5359520
3604 2190528 5358966
3605 2191734 5361115
3606 2192953 5377477
3607 2194169 5363664
3608 2195387 5365702
3609 2196592 5374321
3610 2197784 5379266
3611 2198997 5377497
3612 2200217 5406209
3613 2201438 5385358
3614 2202651 5391903
3615 2203873 5404538
3616 2205090 5390503
3617 2206265 5385810
3618 2207480 5397701
3619 2208697 5407799
3620 2209906 5441842
3621 2211126 5416283
3622 2212359 5442335
3623 2213577 5409587
3624 2214797 5447520
3625 2216011 5439964
3626 2217206 5451980
3627 2218420 5439980
3628 2219646 5438714
3629 2220878 5440792
3630 2222098 5456640
3631 2223322 5453757
3632 2224539 5457970
3633 2225724 5461424
3634 2226947 5438651
3635 2228168 5454407
3636 2229394 5460362
3637 2230612 5475847
3638 2231844 5480937
3639 2233068 5484016
3640 2234294 5461070
3641 2235510 5489545
3642 2236710 5493202
3643 2237937 5479815
3644 2239156 5499218
3645 2240400 5513462
3646 2241627 5508618
3647 2242863 5493575
3648 2244076 5506786
3649 2245272 5494117
3650 2246497 5523198
3651 2247718 5505444
3652 2248946 5502489
3653 2250172 5539306
3654 2251415 5495876
3655 2252645 5551256
3656 2253880 5518254
3657 2255096 5515068
3658 2256306 5529211
3659 2257536 5544153
3660 2258761 5532554
3661 2260011 5550677
3662 2261240 5523359
3663 2262479 5539838
3664 2263709 5544015
3665 2264902 5556721
3666 2266136 5547238
3667 2267368 5539170
3668 2268592 5546060
3669 2269824 5554676
3670 2271074 5570281
3671 2272313 5578932
3672 2273546 5572903
3673 2274776 5581636
3674 2275982 5590837
3675 2277218 5563039
3676 2278454 5572697
3677 2279706 5604937
3678 2280942 5587891
3679 2282183 5591617
3680 2283416 5598269
3681 2284619 5588252
3682 2285851 5580093
3683 2287088 5592987
3684 2288328 5592990
3685 2289565 5616581
3686 2290815 5629904
3687 2292058 5606170
3688 2293300 5590604
3689 2294530 5627710
3690 2295747 5628096
3691 2296989 5625137
3692 2298230 5631098
3693 2299490 5630558
3694 2300729 5638197
3695 2301974 5649690
3696 2303214 5650087
3697 2304420 5657372
3698 2305665 5670598
3699 2306899 5666564
3700 2308152 5649369
3701 2309390 5651787
3702 2310640 5655782
3703 2311889 5654575
3704 2313140 5678851
3705 2314378 5670328
3706 2315595 5678734
3707 2316844 5676781
3708 2318098 5674788
3709 2319350 5684557
3710 2320597 5676493
3711 2321848 5714090
3712 2323092 5693263
3713 2324303 5676730
3714 2325550 5697632
3715 2326799 5694253
3716 2328042 5698885
3717 2329295 5723591
3718 2330560 5697503
3719 2331815 5732809
3720 2333070 5720723
3721 2334300 5717123
3722 2335532 5727780
3723 2336782 5722625
3724 2338030 5734070
3725 2339302 5742753
3726 2340553 5715438
3727 2341810 5750838
3728 2343062 5745405
3729 2344275 5745496
3730 2345536 5760055
3731 2346778 5767197
3732 2348032 5747193
3733 2349288 5767135
3734 2350558 5753166
3735 2351813 5783705
3736 2353074 5767408
3737 2354324 5781757
3738 2355549 5750039
3739 2356810 5756627
3740 2358064 5793911
3741 2359339 5782097
3742 2360593 5798260
3743 2361859 5779523
3744 2363120 5813351
3745 2364339 5808083
3746 2365591 5803795
3747 2366849 5815217
3748 2368107 5810970
3749 2369364 5821013
3750 2370640 5820194
3751 2371899 5822971
3752 2373169 5813415
3753 2374417 5826182
3754 2375659 5835975
3755 2376918 5823196
3756 2378182 5813622
3757 2379459 5828011
3758 2380721 5850369
3759 2381992 5849800
3760 2383252 5819494
3761 2384477 5850865
3762 2385741 5845016
3763 2387002 5856552
3764 2388261 5861898
3765 2389526 5845362
3766 2390813 5871910
3767 2392078 5870406
3768 2393350 5867849
3769 2394613 5864074
3770 2395845 5864623
3771 2397113 5889214
3772 2398377 5890156
3773 2399665 5875967
3774 2400930 5890166
3775 2402208 5906178
3776 2403473 5898866
3777 2404706 5892054
3778 2405970 5890780
3779 2407241 5895369
3780 2408510 5902207
3781 2409779 5894576
3782 2411064 5923778
3783 2412338 5894535
3784 2413615 5908173
3785 2414870 5931222
3786 2416123 5918183
3787 2417396 5932303
3788 2418667 5951192
3789 2419957 5949588
3790 2421230 5945061
3791 2422514 5934037
3792 2423785 5958595
3793 2425021 5940581
3794 2426296 5939095
3795 2427565 5958193
3796 2428835 5960263
3797 2430114 5961259
3798 2431404 5956435
3799 2432683 5994365
3800 2433963 5958660
3801 2435240 5966112
3802 2436479 5966947
3803 2437764 5980217
3804 2439039 5976718
3805 2440333 5989111
3806 2441613 5979248
3807 2442897 5987425
3808 2444178 5997581
3809 2445413 6004109
3810 2446689 5982229
3811 2447971 5987674
3812 2449254 5993768
3813 2450539 6010792
3814 2451832 6023699
3815 2453117 6003968
3816 2454402 5999440
3817 2455671 6024628
3818 2456929 6032251
3819 2458212 6023281
3820 2459498 6044609
3821 2460796 6036367
3822 2462087 6029253
3823 2463369 6045183
3824 2464656 6054948
3825 2465902 6048178
3826 2467192 6044511
3827 2468469 6049380
3828 2469754 6071962
3829 2471038 6062913
3830 2472341 6085119
3831 2473628 6066290
3832 2474924 6079163
3833 2476206 6071358
3834 2477461 6065892
3835 2478754 6062756
3836 2480039 6088380
3837 2481344 6075467
3838 2482632 6078446
3839 2483934 6091971
3840 2485218 6075184
3841 2486467 6100773
3842 2487755 6117675
3843 2489044 6102966
3844 2490338 6097477
3845 2491631 6102737
3846 2492943 6099617
3847 2494235 6124557
3848 2495534 6101232
3849 2496830 6109777
3850 2498083 6115671
3851 2499374 6151603
3852 2500665 6129914
3853 2501980 6123317
3854 2503278 6136808
3855 2504579 6141941
3856 2505872 6147919
3857 2507126 6142781
3858 2508423 6160853
3859 2509710 6163184
3860 2511014 6177285
3861 2512309 6159861
3862 2513619 6147699
3863 2514923 6176974
3864 2516223 6161745
3865 2517517 6159129
3866 2518777 6152670
3867 2520079 6159143
3868 2521389 6171042
3869 2522697 6178685
3870 2523999 6200594
3871 2525307 6187226
3872 2526608 6211322
3873 2527867 6189661
3874 2529161 6202606
3875 2530465 6198092
3876 2531764 6230715
3877 2533065 6228756
3878 2534389 6205475
3879 2535696 6214868
3880 2537007 6219945
3881 2538289 6223890
3882 2539570 6233192
3883 2540871 6229217
3884 2542175 6210166
3885 2543503 6230019
3886 2544813 6221772
3887 2546121 6247516
3888 2547425 6261211
3889 2548692 6264297
3890 2549998 6239357
3891 2551299 6277970
3892 2552610 6291014
3893 2553922 6274088
3894 2555242 6261289
3895 2556550 6297582
3896 2557860 6288619
3897 2559167 6271106
3898 2560443 6290907
3899 2561750 6306911
3900 2563060 6296904
3901 2564391 6280000
3902 2565702 6284308
3903 2567024 6312246
3904 2568334 6320639
3905 2569605 6267889
3906 2570914 6303715
3907 2572220 6322209
3908 2573529 6306836
3909 2574846 6320632
3910 2576177 6301755
3911 2577490 6329638
3912 2578815 6327891
3913 2580107 6315519
3914 2581400 6334968
3915 2582716 6326644
3916 2584027 6366628
3917 2585366 6338655
3918 2586688 6329113
3919 2588010 6320742
3920 2589327 6360794
3921 2590602 6343543
3922 2591917 6359319
3923 2593231 6351699
3924 2594540 6373006
3925 2595862 6367213
3926 2597204 6377251
3927 2598525 6361736
3928 2599848 6383338
3929 2601163 6369621
3930 2602443 6394691
3931 2603764 6412739
3932 2605080 6414525
3933 2606421 6373072
3934 2607753 6427117
3935 2609080 6401946
3936 2610397 6409144
3937 2611678 6414817
3938 2612994 6429138
3939 2614315 6421049
3940 2615643 6417308
3941 2616968 6430843
3942 2618311 6402110
3943 2619638 6424901
3944 2620970 6441524
3945 2622272 6437567
3946 2623573 6438162
3947 2624900 6439250
3948 2626222 6463274
3949 2627573 6435990
3950 2628905 6433152
3951 2630237 6455254
3952 2631560 6442197
3953 2632851 6488997
3954 2634176 6488861
3955 2635495 6480264
3956 2636828 6476570
3957 2638158 6481316
3958 2639500 6467942
3959 2640834 6489311
3960 2642169 6496275
3961 2643496 6495403
3962 2644788 6500053
3963 2646123 6479271
3964 2647457 6498866
3965 2648801 6505303
3966 2650136 6489515
3967 2651481 6506524
3968 2652806 6489223
3969 2654098 6507444
3970 2655421 6491869
3971 2656760 6527799
3972 2658091 6524186
3973 2659426 6503412
3974 2660783 6528906
3975 2662118 6529900
3976 2663466 6528195
3977 2664777 6538893
3978 2666085 6546123
3979 2667427 6568378
3980 2668758 6553048
3981 2670116 6551064
3982 2671460 6571477
3983 2672805 6568909
3984 2674140 6555917
3985 2675434 6570946
3986 2676773 6530282
3987 2678105 6546145
3988 2679444 6565568
3989 2680786 6592744
3990 2682149 6584485
3991 2683489 6581694
3992 2684835 6596084
3993 2686171 6581756
3994 2687472 6611451
3995 2688821 6584787
3996 2690154 6584121
3997 2691518 6607297
3998 2692864 6615821
3999 2694218 6627495
4000 2695563 6622094
4001 2696861 6638321
4002 2698196 6631052
4003 2699536 6645691
4004 2700881 6635250
4005 2702227 6629774
4006 2703594 6635308
4007 2704945 6641115
4008 2706298 6646992
4009 2707621 6649201
4010 2708943 6637657
4011 2710288 6643287
4012 2711635 6643347
4013 2713003 6643668
4014 2714358 6670089
4015 2715715 6654980
4016 2717059 6658324
4017 2718366 6666625
4018 2719716 6684348
4019 2721052 6657551
4020 2722408 6689827
4021 2723755 6679352
4022 2725133 6675293
4023 2726486 6685276
4024 2727845 6682718
4025 2729191 6705594
4026 2730499 6736062
4027 2731856 6712805
4028 2733199 6691781
4029 2734575 6715097
4030 2735937 6703711
4031 2737296 6711237
4032 2738651 6685580
4033 2739960 6725169
4034 2741303 6728217
4035 2742656 6745930
4036 2744013 6724648
4037 2745371 6740908
4038 2746753 6739015
4039 2748108 6763273
4040 2749475 6739035
4041 2750805 6739046
4042 2752140 6772453
4043 2753499 6729041
4044 2754853 6757036
4045 2756231 6774436
4046 2757598 6749532
4047 2758970 6791762
4048 2760325 6755521
4049 2761641 6798836
4050 2762999 6772920
4051 2764351 6768476
4052 2765707 6799991
4053 2767072 6796822
4054 2768454 6793498
4055 2769817 6792407
4056 2771187 6792070
4057 2772545 6799484
4058 2773865 6820607
4059 2775228 6818635
4060 2776587 6821696
4061 2777972 6796105
4062 2779345 6810773
4063 2780720 6792528
4064 2782080 6819184
4065 2783402 6821162
4066 2784757 6841615
4067 2786121 6836491
4068 2787494 6834223
4069 2788861 6844297
4070 2790245 6863859
4071 2791619 6841795
4072 2792991 6885874
4073 2794336 6854505
4074 2795680 6859637
4075 2797047 6897890
4076 2798410 6848625
4077 2799803 6865289
4078 2801180 6880353
4079 2802556 6898010
4080 2803928 6897491
4081 2805251 6892802
4082 2806620 6899549
4083 2807982 6915384
4084 2809355 6866292
4085 2810728 6911884
4086 2812124 6925013
4087 2813499 6921563
4088 2814878 6907669
4089 2816250 6921367
4090 2817579 6906776
4091 2818953 6931660
4092 2820324 6911858
4093 2821715 6911674
4094 2823097 6928422
4095 2824483 6919376
4096 2825856 6946720
4097 2827200 6949885
4098 2828555 6945525
4099 2829926 6972137
4100 2831307 6968089
4101 2832688 6961938
4102 2834086 6962074
4103 2835472 6970288
4104 2836851 6953017
4105 2838225 6984134
4106 2839598 6956853
4107 2840938 6960418
4108 2842313 6975128
4109 2843704 6989483
4110 2845085 6991397
4111 2846460 6997321
4112 2847868 6980639
4113 2849250 6979959
4114 2850631 7015943
4115 2852009 7010982
4116 2853367 6987298
4117 2854745 7023934
4118 2856118 7020242
4119 2857507 7017521
4120 2858905 7001677
4121 2860267 6998747
4122 2861673 7028430
4123 2863058 7025144
4124 2864452 7061235
4125 2865839 7040496
4126 2867195 7019831
4127 2868599 7050552
4128 2869948 7048042
4129 2871341 7044444
4130 2872705 7044490
4131 2874095 7037807
4132 2875488 7039629
4133 2876875 7056950
4134 2878264 7054064
4135 2879653 7072553
4136 2881064 7045249
4137 2882452 7076229
4138 2883846 7062243
4139 2885237 7062266
4140 2886623 7064332
4141 2887977 7081551
4142 2889367 7074906
4143 2890759 7068306
4144 2892158 7120298
4145 2893546 7102985
4146 2894947 7092042
4147 2896339 7105829
4148 2897741 7093923
4149 2899121 7108879
4150 2900521 7125506
4151 2901897 7135084
4152 2903313 7149182
4153 2904708 7148137
4154 2906099 7132772
4155 2907445 7150876
4156 2908853 7127421
4157 2910236 7149181
4158 2911652 7142431
4159 2913040 7149588
4160 2914439 7142425
4161 2915839 7170766
4162 2917227 7170391
4163 2918626 7179720
4164 2920043 7162587
4165 2921415 7157770
4166 2922814 7180644
4167 2924191 7182403
4168 2925595 7184512
4169 2927011 7169628
4170 2928425 7227984
4171 2929825 7176399
4172 2931228 7215936
4173 2932633 7207426
4174 2934026 7216714
4175 2935409 7200597
4176 2936787 7208922
4177 2938189 7206675
4178 2939580 7213736
4179 2940997 7240367
4180 2942393 7212111
4181 2943802 7216197
4182 2945208 7231494
4183 2946613 7237424
4184 2948029 7212267
4185 2949438 7239780
4186 2950832 7228094
4187 2952232 7263681
4188 2953638 7235989
4189 2955032 7274989
4190 2956434 7264687
4191 2957832 7253174
4192 2959235 7268107
4193 2960665 7271718
4194 2962049 7263725
4195 2963457 7266070
4196 2964863 7262851
4197 2966279 7278762
4198 2967692 7284668
4199 2969100 7279118
4200 2970505 7274666
4201 2971900 7314463
4202 2973305 7291113
4203 2974729 7320660
4204 2976138 7313535
4205 2977553 7333284
4206 2978966 7309931
4207 2980378 7312609
4208 2981784 7343496
4209 2983190 7347663
4210 2984601 7334483
4211 2986005 7330614
4212 2987413 7340201
4213 2988857 7348512
4214 2990261 7329265
4215 2991678 7349969
4216 2993085 7376283
4217 2994501 7348801
4218 2995909 7384038
4219 2997320 7366347
4220 2998738 7342455
4221 3000146 7381749
4222 3001564 7347648
4223 3002988 7387633
4224 3004422 7378850
4225 3005842 7368809
4226 3007229 7391425
4227 3008652 7399413
4228 3010072 7382594
4229 3011505 7368737
4230 3012916 7398982
4231 3014331 7389242
4232 3015754 7416757
4233 3017172 7416779
4234 3018585 7410891
4235 3019994 7441598
4236 3021416 7399201
4237 3022850 7413130
4238 3024274 7439738
4239 3025704 7424273
4240 3027114 7433165
4241 3028535 7438707
4242 3029957 7447690
4243 3031384 7434155
4244 3032799 7434715
4245 3034213 7436627
4246 3035644 7468988
4247 3037085 7470631
4248 3038505 7442200
4249 3039920 7453017
4250 3041337 7456340
4251 3042772 7455008
4252 3044209 7487019
4253 3045629 7485245
4254 3047065 7484364
4255 3048486 7492787
4256 3049912 7489685
4257 3051339 7480614
4258 3052753 7491036
4259 3054176 7514096
4260 3055602 7497136
4261 3057047 7473215
4262 3058477 7514761
4263 3059899 7529787
4264 3061337 7511385
4265 3062767 7510301
4266 3064188 7528006
4267 3065623 7518920
4268 3067048 7520646
4269 3068485 7493472
4270 3069914 7532994
4271 3071359 7542972
4272 3072788 7532682
4273 3074220 7559740
4274 3075644 7557779
4275 3077083 7544033
4276 3078512 7540754
4277 3079956 7570065
4278 3081398 7561915
4279 3082829 7541918
4280 3084262 7595215
4281 3085699 7566916
4282 3087126 7576051
4283 3088550 7572222
4284 3089986 7565800
4285 3091449 7567417
4286 3092890 7596327
4287 3094307 7586425
4288 3095741 7604524
4289 3097203 7600055
4290 3098622 7609380
4291 3100059 7603179
4292 3101504 7605163
4293 3102944 7634451
4294 3104389 7600710
4295 3105826 7616593
4296 3107270 7631001
4297 3108697 7641077
4298 3110130 7642315
4299 3111596 7636185
4300 3113026 7643942
4301 3114473 7619637
4302 3115922 7614223
4303 3117365 7659890
4304 3118799 7649899
4305 3120241 7658370
4306 3121686 7668975
4307 3123118 7679899
4308 3124569 7655619
4309 3126034 7679975
4310 3127471 7691208
4311 3128918 7694379
4312 3130361 7639459
4313 3131814 7662640
4314 3133248 7670347
4315 3134696 7699564
4316 3136142 7684296
4317 3137581 7735718
4318 3139032 7698342
4319 3140490 7680905
4320 3141947 7720025
4321 3143400 7719735
4322 3144829 7707017
4323 3146276 7718582
4324 3147726 7723255
4325 3149180 7728759
4326 3150636 7755583
4327 3152092 7751521
4328 3153535 7755359
4329 3154993 7748715
4330 3156436 7747724
4331 3157878 7748577
4332 3159327 7777389
4333 3160800 7757030
4334 3162250 7761701
4335 3163711 7755694
4336 3165159 7782692
4337 3166612 7777474
4338 3168061 7786329
4339 3169516 7743543
4340 3170971 7817413
4341 3172425 7768055
4342 3173884 7793258
4343 3175353 7822373
4344 3176803 7808186
4345 3178254 7809657
4346 3179700 7794967
4347 3181167 7828662
4348 3182621 7831310
4349 3184087 7799321
4350 3185563 7846453
4351 3187008 7824416
4352 3188470 7822636
4353 3189927 7844455
4354 3191378 7811821
4355 3192836 7844171
4356 3194303 7855841
4357 3195766 7845381
4358 3197228 7858890
4359 3198688 7826992
4360 3200151 7849452
4361 3201616 7855939
4362 3203070 7875883
4363 3204530 7859224
4364 3205995 7875555
4365 3207464 7886369
4366 3208930 7865146
4367 3210398 7911795
4368 3211850 7900247
4369 3213322 7878273
4370 3214783 7882771
4371 3216246 7883302
4372 3217715 7896421
4373 3219190 7904172
4374 3220656 7908737
4375 3222122 7909374
4376 3223585 7913185
4377 3225057 7903869
4378 3226515 7918348
4379 3227985 7948970
4380 3229451 7961893
4381 3230925 7949682
4382 3232394 7960308
4383 3233868 7912076
4384 3235335 7953163
4385 3236798 7959650
4386 3238265 7936975
4387 3239739 7929865
4388 3241214 7937678
4389 3242683 7965296
4390 3244162 7970028
4391 3245637 7945867
4392 3247104 7969795
4393 3248579 7952571
4394 3250046 7980101
4395 3251519 7986849
4396 3252989 7987955
4397 3254473 7973500
4398 3255948 8016621
4399 3257418 8021670
4400 3258893 8037669
4401 3260365 7994460
4402 3261837 8010388
4403 3263317 8052713
4404 3264812 8038236
4405 3266278 8037150
4406 3267753 7966427
4407 3269235 8034640
4408 3270711 8048895
4409 3272190 8075682
4410 3273657 8052615
4411 3275140 8019880
4412 3276615 8032011
4413 3278095 8094043
4414 3279593 8057543
4415 3281065 8079825
4416 3282547 8081111
4417 3284023 8029897
4418 3285490 8107610
4419 3286976 8088860
4420 3288465 8105307
4421 3289948 8042347
4422 3291433 8044768
4423 3292911 8091334
4424 3294396 8086767
4425 3295886 8086825
4426 3297354 8112208
4427 3298848 8128992
4428 3300331 8100608
4429 3301821 8101105
4430 3303307 8123259
4431 3304795 8136535
4432 3306275 8133684
4433 3307760 8133329
4434 3309242 8117242
4435 3310730 8125392
4436 3312231 8140425
4437 3313711 8161310
4438 3315205 8131257
4439 3316690 8154579
4440 3318180 8142745
4441 3319667 8149012
4442 3321143 8199621
4443 3322641 8179171
4444 3324121 8164477
4445 3325619 8174975
4446 3327111 8169476
4447 3328600 8148610
4448 3330095 8209076
4449 3331591 8196655
4450 3333069 8182125
4451 3334560 8197108
4452 3336055 8177325
4453 3337549 8183693
4454 3339048 8198829
4455 3340544 8202291
4456 3342035 8207971
4457 3343530 8250638
4458 3345013 8210279
4459 3346513 8226641
4460 3348007 8214865
4461 3349511 8211701
4462 3351008 8236711
4463 3352507 8219759
4464 3353991 8245988
4465 3355487 8239653
4466 3356981 8242788
4467 3358479 8267176
4468 3359974 8265002
4469 3361487 8281758
4470 3362986 8216898
4471 3364484 8259596
4472 3365981 8298418
4473 3367482 8280492
4474 3368971 8273887
4475 3370476 8270892
4476 3371973 8294773
4477 3373476 8285021
4478 3374983 8272011
4479 3376488 8292688
4480 3377987 8284169
4481 3379490 8313111
4482 3380981 8334107
4483 3382492 8354210
4484 3383990 8325613
4485 3385500 8327617
4486 3387003 8305770
4487 3388508 8323271
4488 3390012 8328724
4489 3391521 8308832
4490 3393015 8314170
4491 3394523 8331729
4492 3396027 8330042
4493 3397543 8333757
4494 3399047 8356352
4495 3400560 8365787
4496 3402059 8397458
4497 3403563 8340362
4498 3405065 8356499
4499 3406579 8368223
4500 3408084 8361277
4501 3409602 8393290
4502 3411110 8391700
4503 3412624 8399866
4504 3414127 8384265
4505 3415640 8362575
4506 3417140 8410760
4507 3418654 8400151
4508 3420163 8398706
4509 3421678 8379345
4510 3423197 8433493
4511 3424702 8425049
4512 3426229 8417284
4513 3427742 8447834
4514 3429239 8428075
4515 3430749 8446043
4516 3432264 8423628
4517 3433788 8441178
4518 3435296 8427631
4519 3436817 8435041
4520 3438327 8438546
4521 3439849 8421886
4522 3441352 8454308
4523 3442873 8454779
4524 3444385 8437718
4525 3445905 8474285
4526 3447427 8463823
4527 3448951 8488089
4528 3450456 8493769
4529 3451970 8481652
4530 3453487 8493900
4531 3455008 8455642
4532 3456534 8506917
4533 3458066 8507785
4534 3459579 8474203
4535 3461099 8493031
4536 3462618 8491048
4537 3464138 8486423
4538 3465651 8506905
4539 3467173 8547690
4540 3468693 8546474
4541 3470221 8523546
4542 3471759 8518394
4543 3473268 8535175
4544 3474795 8565898
4545 3476313 8525954
4546 3477834 8578380
4547 3479353 8541529
4548 3480881 8547058
4549 3482410 8551008
4550 3483938 8535836
4551 3485467 8536037
4552 3486992 8574736
4553 3488516 8556097
4554 3490032 8566806
4555 3491561 8570447
4556 3493089 8608256
4557 3494626 8591809
4558 3496153 8578852
4559 3497690 8601319
4560 3499202 8610659
4561 3500734 8575250
4562 3502257 8591088
4563 3503788 8620758
4564 3505317 8597520
4565 3506857 8600130
4566 3508389 8617570
4567 3509918 8649376
4568 3511453 8647282
4569 3512985 8626996
4570 3514504 8652098
4571 3516039 8650274
4572 3517568 8655753
4573 3519109 8663409
4574 3520653 8632868
4575 3522171 8680408
4576 3523710 8646423
4577 3525249 8701494
4578 3526766 8649007
4579 3528304 8694491
4580 3529839 8670459
4581 3531378 8666528
4582 3532917 8670042
4583 3534459 8701936
4584 3535993 8696943
4585 3537528 8686073
4586 3539056 8680339
4587 3540593 8691871
4588 3542134 8696547
4589 3543676 8693006
4590 3545218 8733681
4591 3546760 8689443
4592 3548291 8706724
4593 3549828 8717388
4594 3551367 8740110
4595 3552906 8726160
4596 3554445 8711814
4597 3555997 8727296
4598 3557541 8733305
4599 3559078 8730095
4600 3560623 8775757
4601 3562160 8758623
4602 3563692 8734366
4603 3565243 8729372
4604 3566784 8778709
4605 3568332 8770582
4606 3569882 8764320
4607 3571423 8758255
4608 3572978 8803213
4609 3574521 8755835
4610 3576053 8804241
4611 3577598 8794167
4612 3579146 8810059
4613 3580700 8778593
4614 3582236 8784571
4615 3583785 8791412
4616 3585332 8808674
4617 3586883 8811817
4618 3588418 8822147
4619 3589970 8814673
4620 3591513 8789095
4621 3593071 8830631
4622 3594626 8799590
4623 3596181 8847417
4624 3597718 8819722
4625 3599276 8848831
4626 3600815 8864279
4627 3602366 8873237
4628 3603923 8877560
4629 3605478 8851271
4630 3607029 8846444
4631 3608582 8859928
4632 3610137 8865539
4633 3611687 8865623
4634 3613227 8875597
4635 3614788 8843759
4636 3616335 8887876
4637 3617896 8884719
4638 3619454 8874324
4639 3621011 8895870
4640 3622570 8882315
4641 3624124 8919445
4642 3625667 8899922
4643 3627221 8903044
4644 3628785 8914300
4645 3630342 8905530
4646 3631900 8893897
4647 3633459 8930828
4648 3635016 8943533
4649 3636577 8956906
4650 3638124 8942638
4651 3639687 8935899
4652 3641240 8942265
4653 3642810 8986518
4654 3644371 8945471
4655 3645938 8938783
4656 3647484 8960394
4657 3649049 8937803
4658 3650614 8955661
4659 3652172 8973413
4660 3653756 9002651
4661 3655300 8979743
4662 3656867 8969801
4663 3658428 8996670
4664 3659990 9031281
4665 3661555 8975416
4666 3663100 9023187
4667 3664675 9017712
4668 3666238 9011360
4669 3667808 9002737
4670 3669376 9038978
4671 3670936 9001467
4672 3672501 9015842
4673 3674069 9009917
4674 3675632 9010335
4675 3677195 9051923
4676 3678770 9018996
4677 3680346 9055964
4678 3681905 9027744
4679 3683470 9025524
4680 3685044 9051782
4681 3686615 9036105
4682 3688171 9054933
4683 3689745 9045868
4684 3691319 9084331
4685 3692885 9040081
4686 3694461 9113576
4687 3696035 9068989
4688 3697599 9038037
4689 3699170 9078903
4690 3700736 9109918
4691 3702316 9086319
4692 3703883 9090537
4693 3705463 9135492
4694 3707046 9120701
4695 3708613 9141634
4696 3710183 9114686
4697 3711757 9129198
4698 3713325 9133770
4699 3714905 9147925
4700 3716466 9155026
4701 3718055 9149161
4702 3719638 9124013
4703 3721207 9092721
4704 3722782 9137504
4705 3724365 9167144
4706 3725929 9147074
4707 3727509 9130727
4708 3729088 9152649
4709 3730670 9148051
4710 3732246 9209070
4711 3733834 9183419
4712 3735409 9148267
4713 3736990 9155688
4714 3738560 9173577
4715 3740145 9173729
4716 3741727 9195638
4717 3743307 9196874
4718 3744889 9170020
4719 3746483 9219546
4720 3748047 9208516
4721 3749623 9250775
4722 3751216 9220390
4723 3752797 9195370
4724 3754382 9221596
4725 3755977 9239158
4726 3757556 9200743
4727 3759143 9223859
4728 3760718 9215139
4729 3762312 9267459
4730 3763880 9258013
4731 3765475 9278476
4732 3767059 9239187
4733 3768650 9260578
4734 3770233 9251223
4735 3771819 9250958
4736 3773415 9251536
4737 3775002 9258492
4738 3776575 9267240
4739 3778168 9283250
4740 3779752 9263467
4741 3781350 9273383
4742 3782934 9297868
4743 3784525 9289745
4744 3786109 9307371
4745 3787706 9320654
4746 3789286 9299032
4747 3790881 9319384
4748 3792475 9285837
4749 3794066 9324285
4750 3795658 9319377
4751 3797263 9326745
4752 3798837 9348901
4753 3800434 9372017
4754 3802026 9351842
4755 3803623 9338097
4756 3805218 9355241
4757 3806815 9347219
4758 3808414 9372565
4759 3810006 9356332
4760 3811600 9352821
4761 3813196 9415196
4762 3814780 9387013
4763 3816382 9389989
4764 3817979 9372648
4765 3819577 9377965
4766 3821179 9391644
4767 3822768 9394518
4768 3824376 9391012
4769 3825971 9409487
4770 3827557 9388487
4771 3829160 9382847
4772 3830759 9415699
4773 3832363 9417805
4774 3833962 9445987
4775 3835565 9435021
4776 3837163 9413675
4777 3838771 9409499
4778 3840357 9430436
4779 3841961 9428356
4780 3843565 9465246
4781 3845177 9399091
4782 3846773 9447309
4783 3848382 9426876
4784 3849975 9466987
4785 3851576 9471606
4786 3853174 9453376
4787 3854785 9473567
4788 3856388 9438598
4789 3858010 9490649
4790 3859613 9458019
4791 3861219 9530205
4792 3862819 9494090
4793 3864426 9479119
4794 3866023 9547621
4795 3867633 9496438
4796 3869243 9511855
4797 3870848 9503625
4798 3872460 9502243
4799 3874065 9511422
4800 3875681 9523065
4801 3877282 9529391
4802 3878883 9516426
4803 3880496 9561937
4804 3882113 9539240
4805 3883722 9563585
4806 3885330 9539709
4807 3886943 9531107
4808 3888563 9525671
4809 3890170 9536118
4810 3891765 9532327
4811 3893389 9579750
4812 3894998 9554327
4813 3896610 9567121
4814 3898230 9602040
4815 3899853 9583681
4816 3901446 9574718
4817 3903060 9555211
4818 3904675 9596681
4819 3906295 9611188
4820 3907910 9625120
4821 3909532 9653435
4822 3911150 9618960
4823 3912769 9593767
4824 3914377 9613995
4825 3916000 9638144
4826 3917608 9636923
4827 3919229 9642170
4828 3920850 9620472
4829 3922469 9633765
4830 3924088 9608413
4831 3925703 9632368
4832 3927328 9665090
4833 3928951 9678722
4834 3930556 9641366
4835 3932178 9646663
4836 3933801 9631602
4837 3935420 9690216
4838 3937041 9672395
4839 3938668 9674712
4840 3940288 9693013
4841 3941911 9691770
4842 3943522 9709119
4843 3945156 9679051
4844 3946774 9685719
4845 3948400 9698692
4846 3950024 9715566
4847 3951658 9713651
4848 3953268 9725225
4849 3954890 9692111
4850 3956513 9746547
4851 3958141 9697117
4852 3959767 9741425
4853 3961414 9721394
4854 3963034 9732772
4855 3964659 9721714
4856 3966281 9748825
4857 3967912 9743559
4858 3969530 9711580
4859 3971163 9781544
4860 3972792 9796236
4861 3974424 9767752
4862 3976059 9792340
4863 3977680 9779712
4864 3979318 9782259
4865 3980942 9770787
4866 3982562 9770873
4867 3984194 9760327
4868 3985833 9816796
4869 3987473 9770058
4870 3989095 9832789
4871 3990725 9805694
4872 3992357 9816575
4873 3993997 9839149
4874 3995612 9844395
4875 3997252 9823844
4876 3998888 9823751
4877 4000525 9844402
4878 4002163 9852393
4879 4003807 9856688
4880 4005427 9809438
4881 4007072 9835469
4882 4008695 9810719
4883 4010335 9832791
4884 4011977 9873671
4885 4013615 9873677
4886 4015256 9869535
4887 4016888 9867265
4888 4018527 9870722
4889 4020166 9865103
4890 4021797 9912316
4891 4023437 9900295
4892 4025077 9884969
4893 4026716 9911779
4894 4028364 9907461
4895 4029998 9951813
4896 4031668 9900839
4897 4033276 9940385
4898 4034916 9899689
4899 4036557 9945717
4900 4038202 9915655
4901 4039842 9936168
4902 4041488 9934166
4903 4043132 9944278
4904 4044777 9969322
4905 4046428 9954032
4906 4048053 9945083
4907 4049706 9952256
4908 4051346 9944556
4909 4052992 9967923
4910 4054639 9974434
4911 4056292 9952065
4912 4057924 9975600
4913 4059566 9966585
4914 4061216 9999657
4915 4062865 9954362
4916 4064538 9974078
4917 4066171 10011163
4918 4067828 9995175
4919 4069468 9974326
4920 4071113 10007454
4921 4072764 9998863
4922 4074397 10031306
4923 4076060 10001261
4924 4077701 10020772
4925 4079353 10042988
4926 4081007 10009572
4927 4082664 10019362
4928 4084319 10034884
4929 4085960 10039201
4930 4087605 10052070
4931 4089260 10025391
4932 4090920 10053858
4933 4092574 10049838
4934 4094222 10063282
4935 4095873 10048209
4936 4097532 10062237
4937 4099188 10069885
4938 4100825 10103223
4939 4102490 10062891
4940 4104149 10106778
4941 4105797 10103644
4942 4107457 10078642
4943 4109127 10084869
4944 4110767 10099300
4945 4112423 10129301
4946 4114087 10119946
4947 4115742 10129510
4948 4117400 10134037
4949 4119060 10141542
4950 4120725 10113479
4951 4122383 10156926
4952 4124047 10149095
4953 4125706 10126957
4954 4127350 10112548
4955 4129018 10206221
4956 4130667 10165586
4957 4132342 10137476
4958 4134004 10169488
4959 4135661 10141989
4960 4137328 10181201
4961 4139000 10165397
4962 4140637 10195443
4963 4142302 10185510
4964 4143974 10152848
4965 4145639 10193965
4966 4147302 10195478
4967 4148968 10194936
4968 4150633 10225067
4969 4152300 10205586
4970 4153953 10195357
4971 4155620 10281848
4972 4157284 10245324
4973 4158959 10215506
4974 4160631 10221173
4975 4162299 10253153
4976 4163949 10231709
4977 4165614 10261494
4978 4167285 10204791
4979 4168956 10265958
4980 4170627 10204864
4981 4172304 10254423
4982 4173976 10243579
4983 4175638 10274794
4984 4177300 10252287
4985 4178980 10245491
4986 4180636 10271074
4987 4182317 10271254
4988 4183985 10246067
4989 4185664 10284052
4990 4187336 10312244
4991 4189009 10290808
4992 4190677 10272172
4993 4192352 10302512
4994 4194017 10329150
4995 4195691 10275590
4996 4197362 10294910
4997 4199042 10332392
4998 4200717 10310867
4999 4202396 10322100
5000 4204064 10348102
