10 30 35
11 37 46
12 43 55
13 50 67
14 56 73
15 64 86
16 71 102
17 80 116
18 89 128
19 98 132
20 108 156
21 118 174
22 129 187
23 139 210
24 150 224
25 162 250
26 174 262
27 185 288
28 198 317
29 210 331
30 224 369
31 236 397
32 249 415
33 264 440
34 280 477
35 296 486
36 308 504
37 326 540
38 342 580
39 360 589
40 377 644
41 394 695
42 412 701
43 431 726
44 447 787
45 467 813
46 485 864
47 506 869
48 524 921
49 545 932
50 566 1022
51 588 1025
52 605 1081
53 628 1154
54 651 1204
55 673 1219
56 694 1260
57 717 1330
58 741 1392
59 766 1415
60 787 1486
61 812 1492
62 836 1524
63 861 1564
64 883 1677
65 912 1703
66 938 1756
67 966 1839
68 990 1849
69 1017 1907
70 1046 2014
71 1075 2095
72 1103 2098
73 1131 2198
74 1162 2197
75 1192 2352
76 1218 2357
77 1249 2386
78 1280 2538
79 1312 2604
80 1341 2692
81 1373 2720
82 1405 2763
83 1439 2814
84 1469 2840
85 1501 2993
86 1534 3051
87 1570 3098
88 1600 3224
89 1635 3252
90 1672 3304
91 1708 3326
92 1740 3430
93 1774 3506
94 1810 3664
95 1849 3758
96 1883 3778
97 1921 3830
98 1960 3840
99 1998 3957
100 2033 4077
101 2070 4274
102 2111 4228
103 2149 4345
104 2187 4473
105 2224 4508
106 2269 4663
107 2310 4641
108 2347 4728
109 2386 4872
110 2430 4923
111 2471 5104
112 2511 5149
113 2554 5214
114 2597 5276
115 2642 5464
116 2683 5528
117 2724 5642
118 2769 5669
119 2814 5904
120 2854 5929
121 2899 6084
122 2950 5993
123 2996 6218
124 3039 6335
125 3083 6348
126 3131 6629
127 3179 6559
128 3223 6783
129 3270 6878
130 3322 6918
131 3372 7039
132 3421 7203
133 3470 7134
134 3517 7331
135 3569 7596
136 3620 7473
137 3668 7692
138 3720 7919
139 3773 7755
140 3826 8016
141 3877 7974
142 3929 8250
143 3984 8566
144 4033 8438
145 4086 8606
146 4141 8810
147 4196 8791
148 4252 8990
149 4306 9157
150 4362 9144
151 4417 9414
152 4468 9479
153 4522 9799
154 4584 9787
155 4641 10069
156 4698 9994
157 4755 10049
158 4812 10208
159 4872 10342
160 4927 10573
161 4981 10645
162 5045 10754
163 5105 10871
164 5166 11099
165 5227 10937
166 5286 11315
167 5348 11466
168 5408 11578
169 5466 11791
170 5529 11807
171 5592 12093
172 5657 12187
173 5717 12302
174 5781 12404
175 5846 12639
176 5905 12678
177 5968 12968
178 6035 13130
179 6100 13317
180 6166 13121
181 6232 13332
182 6297 13650
183 6363 13702
184 6427 13932
185 6490 13987
186 6562 14266
187 6630 14523
188 6698 14518
189 6766 14559
190 6834 14898
191 6904 14888
192 6969 15135
193 7036 15362
194 7109 15365
195 7178 15370
196 7250 15560
197 7323 15923
198 7392 16043
199 7465 16140
200 7535 16484
201 7606 16776
202 7678 16848
203 7753 17062
204 7826 17015
205 7902 17484
206 7973 17346
207 8049 17538
208 8119 17953
209 8193 17819
210 8271 18373
211 8346 17906
212 8423 18762
213 8499 18567
214 8575 19099
215 8653 18870
216 8725 18756
217 8802 19447
218 8883 19864
219 8962 19480
220 9040 19718
221 9119 20333
222 9197 20341
223 9279 20509
224 9354 20448
225 9431 20724
226 9515 21048
227 9597 21378
228 9679 21324
229 9761 21446
230 9841 21602
231 9925 21937
232 10006 22350
233 10086 22225
234 10170 22448
235 10255 23027
236 10341 22926
237 10423 23456
238 10507 23491
239 10594 23771
240 10675 23999
241 10758 23663
242 10847 24034
243 10933 24161
244 11021 24250
245 11108 24561
246 11194 24581
247 11282 25096
248 11366 25354
249 11451 25437
250 11545 25978
251 11634 26376
252 11723 26090
253 11813 26271
254 11902 26408
255 11993 26713
256 12081 26918
257 12167 26938
258 12263 27906
259 12359 27597
260 12450 27679
261 12541 28129
262 12637 28632
263 12723 28397
264 12815 28423
265 12913 28997
266 13011 29145
267 13104 29941
268 13197 29716
269 13293 29687
270 13385 29537
271 13484 30313
272 13578 30234
273 13676 30699
274 13775 31122
275 13873 31090
276 13967 31039
277 14068 31704
278 14166 32014
279 14264 32234
280 14362 32813
281 14463 32553
282 14564 32975
283 14665 32706
284 14762 33673
285 14863 33232
286 14964 33395
287 15066 34251
288 15166 34006
289 15267 34572
290 15372 34815
291 15473 35169
292 15577 34741
293 15680 34934
294 15784 35623
295 15888 35979
296 15992 35628
297 16096 36209
298 16205 36751
299 16310 36335
300 16417 37249
301 16523 37186
302 16626 38055
303 16732 37383
304 16836 38156
305 16945 38343
306 17057 38130
307 17162 38346
308 17270 39427
309 17382 39474
310 17488 39795
311 17597 39845
312 17707 39909
313 17820 40358
314 17932 40129
315 18041 40984
316 18152 41375
317 18263 40657
318 18374 41968
319 18485 42734
320 18596 42118
321 18710 42594
322 18823 42621
323 18936 43391
324 19048 42998
325 19165 43787
326 19277 43783
327 19394 43825
328 19507 44458
329 19625 45236
330 19742 44745
331 19855 45251
332 19974 45593
333 20090 45753
334 20206 46245
335 20323 46778
336 20440 46544
337 20557 46168
338 20679 46756
339 20796 47445
340 20917 47464
341 21034 47517
342 21155 48466
343 21272 48412
344 21391 49196
345 21519 48889
346 21641 48801
347 21760 49913
348 21883 50127
349 22003 50498
350 22123 50508
351 22246 50324
352 22369 50459
353 22493 51389
354 22619 51366
355 22738 52308
356 22866 52034
357 22989 52404
358 23114 52518
359 23239 52985
360 23366 53279
361 23492 53519
362 23622 54396
363 23748 54681
364 23875 54263
365 24001 54819
366 24127 55084
367 24252 55474
368 24380 56065
369 24512 55908
370 24644 56352
371 24769 57045
372 24897 58138
373 25030 57072
374 25158 57510
375 25289 58599
376 25423 58135
377 25559 59360
378 25693 58773
379 25819 59325
380 25953 59324
381 26082 59928
382 26214 59959
383 26347 60802
384 26480 60866
385 26614 61748
386 26751 61145
387 26882 61813
388 27017 61317
389 27155 62665
390 27290 62618
391 27418 62202
392 27562 63318
393 27698 63477
394 27836 64060
395 27969 63933
396 28109 65009
397 28247 64943
398 28383 64999
399 28523 65438
400 28663 66272
401 28805 66440
402 28945 66214
403 29077 67296
404 29217 67080
405 29361 67913
406 29503 67535
407 29643 68351
408 29789 68725
409 29931 69193
410 30077 69168
411 30212 69513
412 30357 69782
413 30499 71429
414 30642 70722
415 30787 70779
416 30933 71598
417 31075 71422
418 31225 71787
419 31363 72479
420 31512 73636
421 31657 73709
422 31803 73381
423 31948 73895
424 32101 75271
425 32248 73982
426 32400 75339
427 32541 75874
428 32690 75304
429 32838 75879
430 32985 76124
431 33135 76243
432 33287 77569
433 33436 78285
434 33590 77736
435 33735 77933
436 33886 78823
437 34040 78449
438 34190 78912
439 34342 79841
440 34496 79705
441 34653 80077
442 34809 80314
443 34954 81512
444 35109 82637
445 35263 81255
446 35416 81462
447 35570 81513
448 35727 81963
449 35884 83685
450 36041 83654
451 36189 83901
452 36346 84185
453 36503 83935
454 36661 84960
455 36817 85067
456 36981 87070
457 37140 86630
458 37299 86944
459 37453 86555
460 37614 86298
461 37774 87014
462 37930 88531
463 38088 88657
464 38256 88585
465 38415 89312
466 38580 90216
467 38734 90742
468 38894 90208
469 39058 91586
470 39219 90328
471 39380 91652
472 39548 91494
473 39717 92295
474 39882 92930
475 40040 93077
476 40204 92773
477 40365 93027
478 40529 94898
479 40698 94182
480 40868 95173
481 41032 95553
482 41202 96496
483 41360 96519
484 41528 97193
485 41696 96978
486 41863 97845
487 42029 97499
488 42204 97975
489 42376 99347
490 42549 99195
491 42709 100683
492 42882 99555
493 43049 100441
494 43218 101734
495 43385 101374
496 43565 103231
497 43737 101108
498 43910 102320
499 44073 101981
500 44244 102956
501 44416 103131
502 44590 104002
503 44762 104153
504 44945 105025
505 45122 104189
506 45299 106531
507 45466 106333
508 45642 106370
509 45815 107368
510 45985 106545
511 46161 107797
512 46344 108439
513 46524 109083
514 46708 108925
515 46876 109967
516 47055 110422
517 47230 110136
518 47406 111153
519 47588 112235
520 47761 110503
521 47953 113089
522 48131 112711
523 48312 112357
524 48487 112663
525 48672 112957
526 48853 114198
527 49038 115425
528 49230 114876
529 49413 116137
530 49597 115492
531 49768 116226
532 49952 117232
533 50138 116858
534 50324 116759
535 50505 118330
536 50680 119240
537 50879 119297
538 51060 118361
539 51248 120438
540 51432 120477
541 51624 120849
542 51809 121097
543 51992 122275
544 52183 120864
545 52373 121568
546 52568 122946
547 52742 122554
548 52932 125472
549 53119 124888
550 53314 124626
551 53501 126533
552 53692 125769
553 53890 125221
554 54077 126601
555 54269 126684
556 54458 127482
557 54649 127161
558 54841 129619
559 55035 130736
560 55235 130322
561 55430 129989
562 55625 130629
563 55808 131314
564 56000 131192
565 56200 132296
566 56394 130374
567 56584 133050
568 56777 134266
569 56986 133205
570 57180 133510
571 57373 134561
572 57565 134678
573 57768 135015
574 57963 135845
575 58164 137088
576 58368 135981
577 58571 137712
578 58772 137026
579 58957 138108
580 59158 139188
581 59360 139581
582 59560 139239
583 59757 139253
584 59955 139831
585 60172 142524
586 60367 141732
587 60566 143069
588 60765 141769
589 60973 144297
590 61172 142773
591 61379 144350
592 61588 143982
593 61798 145173
594 61999 145888
595 62196 144549
596 62399 147420
597 62607 146267
598 62813 147485
599 63016 148643
600 63217 148863
601 63436 148481
602 63639 149443
603 63842 150017
604 64051 151199
605 64263 150148
606 64470 150355
607 64681 152369
608 64891 151393
609 65103 153076
610 65315 152438
611 65515 154287
612 65727 154437
613 65934 154857
614 66150 155218
615 66356 155523
616 66564 155168
617 66786 157535
618 66992 156973
619 67203 159006
620 67420 158146
621 67630 159890
622 67845 159148
623 68063 158241
624 68280 160481
625 68498 161603
626 68713 160662
627 68920 163059
628 69133 161964
629 69353 164320
630 69570 164305
631 69783 163661
632 69995 166790
633 70223 165540
634 70440 165994
635 70651 166724
636 70872 167324
637 71090 168061
638 71308 169076
639 71532 168339
640 71757 170068
641 71978 170241
642 72203 170159
643 72414 169846
644 72633 171541
645 72855 172970
646 73077 171381
647 73297 173154
648 73514 172992
649 73747 175358
650 73969 174876
651 74188 174160
652 74412 175225
653 74637 176510
654 74860 177951
655 75088 177884
656 75317 177845
657 75545 177922
658 75776 178658
659 75989 178348
660 76217 180269
661 76443 180687
662 76672 181078
663 76898 182102
664 77118 181429
665 77356 181868
666 77582 183737
667 77808 186036
668 78036 182765
669 78270 185498
670 78499 185401
671 78728 185070
672 78961 189157
673 79192 186453
674 79430 187681
675 79652 187454
676 79881 188269
677 80116 186750
678 80349 189762
679 80577 190276
680 80807 190865
681 81054 192020
682 81282 192408
683 81513 193292
684 81748 193476
685 81982 194491
686 82216 194265
687 82455 196332
688 82694 195556
689 82930 196279
690 83170 197914
691 83401 198253
692 83634 198889
693 83874 199018
694 84113 200380
695 84347 199973
696 84584 200038
697 84833 200927
698 85066 201152
699 85302 202383
700 85542 202650
701 85784 202114
702 86024 202545
703 86264 205770
704 86509 203682
705 86751 203323
706 86999 204236
707 87235 205138
708 87474 205154
709 87713 207934
710 87958 207545
711 88200 208801
712 88442 209138
713 88696 208999
714 88939 209254
715 89179 213145
716 89422 212743
717 89668 213863
718 89913 215600
719 90162 212185
720 90413 213919
721 90662 212953
722 90911 213770
723 91153 216594
724 91397 216025
725 91645 217417
726 91894 218060
727 92140 217765
728 92385 219955
729 92646 215534
730 92893 219930
731 93138 219757
732 93389 224106
733 93641 221826
734 93893 220754
735 94145 223428
736 94398 223626
737 94650 224242
738 94911 222358
739 95155 224247
740 95403 225497
741 95657 224727
742 95913 227037
743 96165 228644
744 96418 228587
745 96686 228705
746 96935 229245
747 97186 231127
748 97438 229284
749 97696 232817
750 97953 231853
751 98213 231004
752 98468 235065
753 98729 234984
754 98990 235051
755 99240 236383
756 99495 234924
757 99756 236036
758 100020 239196
759 100273 238118
760 100533 238545
761 100805 238210
762 101059 240480
763 101313 240399
764 101578 241679
765 101836 241488
766 102099 241965
767 102364 243667
768 102630 242625
769 102894 244232
770 103164 245471
771 103425 247299
772 103683 245434
773 103943 247521
774 104205 246838
775 104471 248508
776 104729 246516
777 105006 248049
778 105277 249667
779 105540 250809
780 105802 248806
781 106065 250594
782 106333 252723
783 106606 253920
784 106877 253044
785 107145 253871
786 107417 253067
787 107683 254914
788 107949 257690
789 108217 256731
790 108487 255327
791 108757 259616
792 109014 260550
793 109295 260312
794 109571 259981
795 109840 259820
796 110111 261467
797 110386 263146
798 110657 263653
799 110922 261902
800 111198 265324
801 111475 263381
802 111749 264211
803 112020 265491
804 112294 266266
805 112563 267574
806 112841 268284
807 113114 270014
808 113389 271045
809 113673 271314
810 113948 270536
811 114224 271037
812 114499 270718
813 114776 275497
814 115051 273756
815 115332 275225
816 115609 274911
817 115892 276760
818 116174 277499
819 116449 275851
820 116723 279506
821 117008 277692
822 117288 277352
823 117565 279765
824 117838 278146
825 118134 281209
826 118416 282102
827 118692 285232
828 118974 283121
829 119256 285031
830 119539 284144
831 119825 285396
832 120112 283853
833 120398 287128
834 120686 286952
835 120968 287074
836 121249 289855
837 121535 289795
838 121819 291168
839 122101 293526
840 122385 292542
841 122683 292676
842 122972 293351
843 123253 291997
844 123538 292799
845 123828 295751
846 124111 294904
847 124404 294650
848 124698 298191
849 124989 297311
850 125283 298085
851 125571 298375
852 125857 297490
853 126146 301761
854 126437 301465
855 126726 298735
856 127012 303336
857 127316 304341
858 127605 305607
859 127894 304260
860 128189 307761
861 128483 306233
862 128775 307910
863 129070 306659
864 129362 310112
865 129661 308788
866 129958 309217
867 130256 309683
868 130546 310513
869 130840 313349
870 131137 312663
871 131430 313464
872 131721 315269
873 132032 314496
874 132329 316742
875 132625 317436
876 132922 317630
877 133218 315505
878 133516 319627
879 133819 320049
880 134119 317862
881 134421 320068
882 134725 322984
883 135024 320323
884 135319 321979
885 135624 323751
886 135924 322783
887 136222 325260
888 136521 326081
889 136834 326583
890 137138 326391
891 137435 329298
892 137742 330745
893 138044 328258
894 138346 330638
895 138653 329531
896 138963 332238
897 139268 333729
898 139578 331850
899 139882 334807
900 140181 335594
901 140491 335769
902 140796 337898
903 141101 336547
904 141404 337322
905 141719 338964
906 142037 337210
907 142338 341916
908 142645 340667
909 142955 342782
910 143262 340442
911 143575 341146
912 143888 344851
913 144199 343942
914 144516 346113
915 144825 344621
916 145132 345641
917 145444 346991
918 145753 347306
919 146067 350145
920 146374 348242
921 146696 349677
922 147011 352667
923 147321 352876
924 147631 352788
925 147953 354456
926 148266 352844
927 148581 356375
928 148894 356532
929 149211 356017
930 149536 356262
931 149854 360469
932 150165 357406
933 150479 357863
934 150797 357836
935 151109 358777
936 151429 360612
937 151758 360705
938 152079 364283
939 152395 364140
940 152712 362631
941 153034 365751
942 153348 365859
943 153671 367629
944 153993 366337
945 154315 369042
946 154644 372033
947 154962 369691
948 155280 371284
949 155603 370111
950 155926 375412
951 156247 369389
952 156565 375827
953 156903 375460
954 157228 373642
955 157547 372662
956 157872 377035
957 158195 378334
958 158521 376683
959 158846 381678
960 159173 378557
961 159502 384238
962 159836 381454
963 160165 381687
964 160487 383755
965 160811 384975
966 161138 388002
967 161468 385149
968 161792 385639
969 162132 389975
970 162467 388494
971 162790 388232
972 163115 391802
973 163447 393140
974 163778 386634
975 164112 391911
976 164444 394004
977 164777 391893
978 165115 391944
979 165450 395847
980 165776 397269
981 166109 398120
982 166441 394941
983 166774 397208
984 167104 400365
985 167448 401553
986 167786 403350
987 168111 399980
988 168448 402251
989 168785 402864
990 169121 404616
991 169459 405518
992 169797 407602
993 170129 408730
994 170475 406263
995 170817 407606
996 171147 409590
997 171486 410597
998 171825 410637
999 172163 410580
1000 172502 411549
